135330.1411 1.12496
134276.3585 1.12816
133114.1463 1.13361
131948.4491 1.13807
130833.5791 1.14431
129671.3669 1.14889
128596.8689 1.15348
127238.969 1.16013
126075.0878 1.1657
124759.3759 1.17247
123619.0923 1.17705
122610.3798 1.18316
121314.2034 1.18898
120768.3832 1.1908
120231.933 1.19417
119628.0996 1.19779
119101.8148 1.19997
118400.1018 1.20303
117786.103 1.20761
116865.1047 1.21154
116251.1058 1.21459
115637.1069 1.21765
115176.6078 1.21983
114716.1086 1.22376
114189.8238 1.22594
113422.3253 1.2314
112654.8267 1.23446
112040.8278 1.23817
111339.1148 1.2421
110878.6156 1.24668
110264.6168 1.24886
109804.1176 1.25279
108883.1193 1.25803
108356.8345 1.26196
107742.8357 1.26567
107063.0512 1.27025
106602.552 1.27418
105835.0534 1.27855
105229.3578 1.2827
104407.9879 1.28828
103688.3038 1.29274
102932.6355 1.2977
102302.9119 1.30254
101421.2988 1.30789
100629.6463 1.31375
99811.00562 1.31948
99154.29388 1.32482
98532.85253 1.32897
97930.83089 1.33374
97059.85146 1.3419
96482.46662 1.34672
96005.6759 1.35156
95305.8104 1.35908
94503.33532 1.36582
93792.04893 1.37208
93401.57621 1.37721
92854.9585 1.38183
92038.00786 1.38996
91559.57959 1.39554
91197.02927 1.39971
90726.2954 1.40537
90259.93884 1.40946
89717.436 1.41701
89024.74005 1.42554
88457.98881 1.43356
88080.15466 1.43891
87702.3205 1.44337
87341.06 1.44754
87094.41 1.45292
86862.12 1.45689
86638.17 1.46106
86419.95 1.4651
86207.3 1.46905
85999.48 1.47291
85796.06 1.47666
85597.6 1.48034
85404.2 1.48391
85215.49 1.48739
85032.1 1.49079
84853.17 1.4941
84677.55 1.49731
84505.25 1.50048
84337.71 1.50351
84173.69 1.50649
84013.24 1.50939
83859.3 1.51225
83702.32 1.51501
83553.33 1.51773
83408.34 1.52036
83265.93 1.52291
83126.98 1.52542
82990.56 1.52787
82857.61 1.53028
82728.18 1.53261
82601.56 1.5349
82476.97 1.53716
82356.05 1.53933
82236.68 1.54148
82120.72 1.54358
82009.51 1.54563
81899.07 1.54759
81790.65 1.5495
81685.25 1.55159
81581.49 1.5536
81480.74 1.55556
81381.24 1.55749
81284.33 1.55937
81193.82 1.5612
81100.86 1.56302
81009.63 1.56477
80921.78 1.56648
80835.27 1.56816
80751.44 1.5698
80668.86 1.57141
80588.35 1.57295
80509.74 1.57449
80432.42 1.57598
80357.21 1.57744
80283.43 1.57886
80211.64 1.58025
80141.39 1.58161
80072.72 1.58294
80004.47 1.58425
79938.62 1.58552
79874.47 1.58678
79811.21 1.58799
79750.46 1.58918
79690.59 1.59036
79631.87 1.59147
79574.23 1.59259
79518.61 1.59367
79464.13 1.59472
79410.87 1.59575
79359.4 1.59674
79308.83 1.59773
79259.45 1.59869
79211.36 1.59962
79163.85 1.60051
79117.78 1.60143
79073.1 1.60231
79028.74 1.60315
78985.56 1.60398
78943.03 1.60481
78901.88 1.6056
78861.04 1.60638
78821.64 1.60714
78783.45 1.60789
78745.48 1.60863
78708.28 1.60928
78671.91 1.61005
78636.61 1.61072
78602.29 1.61142
78568.71 1.61205
78535.95 1.61269
78503.31 1.61332
78472.15 1.61391
78441.14 1.61426
78410.12 1.61511
78379.1 1.61572
78348.68 1.61627
78318.57 1.61687
78289.51 1.61746
78260.94 1.61796
78232.41 1.61853
78205.71 1.61906
78179.96 1.61957
78155.35 1.62002
78130.87 1.62053
78106.03 1.62097
78082.35 1.62144
78059.57 1.62179
78023.75404 1.62237
77952.78106 1.62364
77860.38227 1.62552
77813.6 1.62681
77807.7 1.62685
77812.42 1.62687
77798.25 1.627
77786.58 1.6272
77774.49 1.62743
77761.3 1.62767
77748.7 1.62792
77734.48 1.62816
77720.47 1.62843
77706.84 1.62871
77693.61 1.62896
77679.45 1.62922
77665.67 1.62948
77652.76 1.62971
77640.21 1.62999
77627.17 1.63022
77614.63 1.63047
77602.46 1.6307
77590.89 1.63093
77579.18 1.63115
77567.37 1.6314
77556.43 1.63161
77545.64 1.6318
77534.94 1.63201
77524.13 1.63221
77513.75 1.63244
77504.12 1.6326
77494.22 1.63281
77484.72 1.63298
77474.95 1.63315
77466.07 1.63334
77457.32 1.6335
77448.69 1.63367
77440.12 1.63381
77431.42 1.634
77423.26 1.63415
77415.16 1.63431
77408.03 1.63447
77400.42 1.6346
77393.05 1.63474
77385.96 1.63488
77379.18 1.63502
77372.47 1.63516
77365.59 1.63529
77358.8 1.6354
77352.37 1.63554
77346.02 1.63568
77339.53 1.63578
77333.52 1.63588
77327.62 1.636
77321.51 1.63612
77314.92 1.63623
77309.76 1.63637
77303.91 1.63647
77299.04 1.63655
77293.46 1.63668
77288.87 1.63675
77283.95 1.63686
77279.68 1.63694
77274.76 1.63705
77268.59 1.63712
77264.36 1.63722
77260.68 1.6373
77256.26 1.63738
77252.53 1.63747
77248.02 1.63754
77244.12 1.63763
77240.2 1.63768
77234.17 1.63779
77224.91 1.63792
77211.39 1.63815
77069.03 1.63907
76847.08 1.64295
76627.72 1.64735
76418.2 1.65151
76215.36 1.65537
76021.66 1.6592
75839.8 1.66277
75662.18 1.66621
75483.79 1.66955
75308.65 1.67302
75139.71 1.67626
74974.03 1.67946
74810.46 1.68262
74648.44 1.68573
74487.61 1.68882
74328.17 1.69188
74169.66 1.69492
74011.86 1.69798
73855.07 1.70092
73698.26 1.70391
73541.88 1.70689
73386.54 1.70987
73232.51 1.71279
73078.88 1.71574
72925.92 1.71865
72777.32 1.72154
72622.8 1.72444
72471.49 1.72732
72321.3 1.73021
72170.95 1.73307
72021.59 1.73591
71873.05 1.73874
71725.67 1.74156
71578.37 1.74437
71431.43 1.74718
71285.77 1.74995
71140.03 1.75271
70995.76 1.75548
70851.17 1.75823
70707.46 1.76097
70564.34 1.76371
70421.94 1.76644
70280.18 1.76912
70138.74 1.77184
69998.2 1.77451
69858.44 1.77719
69719.99 1.77984
69581.08 1.78247
69442.8 1.78513
69304.72 1.78775
69168.53 1.79035
69032.81 1.79295
68897.99 1.79553
68763.74 1.79809
68630.96 1.80062
68498.06 1.80303
68365.91 1.80544
68234.51 1.80784
68104.42 1.81022
67975.34 1.81259
67846.34 1.81494
67718.93 1.81728
67592.1 1.81959
67465.87 1.82189
67340.68 1.82419
67215.85 1.82647
67091.39 1.82874
66967.68 1.83099
66845.01 1.83325
66722.58 1.8355
66601.48 1.83772
66480.44 1.83993
66360.51 1.84211
66240.9 1.84431
66121.79 1.84646
66003.7 1.84864
65886.28 1.85079
65769.44 1.85292
65652.67 1.85506
65535.98 1.85718
65421.04 1.85931
65305.63 1.86143
65190.79 1.86353
65077.05 1.86561
64963.66 1.8677
64851.03 1.86974
64741.35 1.8718
64627.28 1.87384
64516.3 1.87589
64405.51 1.87792
64295.91 1.87994
64186.19 1.88194
64079.69 1.88394
63971.33 1.88594
63861.12 1.88793
63753.93 1.88988
63647.48 1.89186
63543.3 1.89381
63437.99 1.89574
63331 1.89767
63228.51 1.89957
63124.59 1.90156
63021.67 1.90355
62919.33 1.90554
62816.95 1.90749
62715.63 1.90944
62614.46 1.91136
62514.05 1.91332
62414.55 1.91523
62314.72 1.91715
62215.79 1.91906
62117.45 1.92095
62019.62 1.92284
61922.17 1.92471
61825.48 1.92659
61728.84 1.92845
61633.2 1.9303
61538.04 1.93214
61443.78 1.93397
61349.85 1.93576
61256.26 1.93756
61163.15 1.93937
61070.45 1.94116
60982.5 1.94294
60887.27 1.9447
60800.19 1.94645
60709.6 1.94823
60619.77 1.94996
60526.24 1.95167
60437.23 1.9534
60352.66 1.95511
60264.88 1.95681
60177.26 1.95851
60090.48 1.9602
60003.97 1.96187
59917.9 1.96355
59832.06 1.96522
59746.7 1.96685
59661.86 1.9685
59577.44 1.97013
59493.76 1.97178
59410.11 1.9734
59326.72 1.97501
59244.54 1.97662
59161.73 1.97822
59080.06 1.97981
58998.78 1.98139
58917.9 1.98297
58837.2 1.98453
58756.59 1.98609
58676.53 1.98763
58597.37 1.98915
58518.45 1.99072
58439.8 1.99226
58361.1 1.99378
58283.36 1.99531
58205.75 1.99681
58128.6 1.99833
58052.08 1.99982
57975.56 2.00139
57899.78 2.00295
57824.4 2.00449
57749.37 2.00605
57674.66 2.00761
57316.41 2.01502
56966.79 2.02227
56625.28 2.02934
56292.78 2.03623
55968.22 2.04299
55902.36 2.04437
55837.01 2.04574
55771.73 2.04709
55706.15 2.04845
55641.9 2.0498
55334.2 2.05621
55032.47 2.0625
54740.36 2.06862
54456.5 2.07457
54174.45 2.08046
53894.11 2.0863
53628.34 2.09194
53371.25 2.09734
53120.13 2.10243
52872.1 2.10722
52635.75 2.11191
52395.03 2.11651
52173.18 2.12097
51960.7 2.12515
51760.33 2.1291
51570.83 2.13282
51397.34 2.13627
51315.59 2.13814
51309.94 2.13828
51307.33 2.13833
51291.03 2.13864
51282.24 2.13883
51274.07 2.13895
51265.26 2.13916
51255.53 2.13934
51239.84 2.13963
51229.11 2.13985
51219.81 2.14003
51208.75 2.14024
51199.03 2.14044
51186.43 2.14065
51173.86 2.14088
51157.63 2.14118
50437.78 2.15546
50424.84 2.15569
50423.71 2.15576
50405.23 2.15603
50391.38 2.15644
50380.29 2.15648
50340.86 2.15729
50342.16 2.15736
50304.67 2.15805
50263.17 2.15886
50226.41 2.15953
49475.62 2.17449
49468.66 2.17453
49399.49 2.17593
49368.98 2.17644
49306.32 2.17771
49242.21 2.17899
49197.31 2.17987
49156.4 2.1807
49078.48 2.18235
48999.78 2.1839
48948.23 2.18492
48889.4 2.186
48814.46 2.18751
48748.31 2.18887
48684.24 2.19015
48624.69 2.19127
48554.44 2.1927
48494.02 2.19396
48421.49 2.19538
48353.44 2.19668
48284.23 2.19783
48135.84 2.20161
48111.55 2.20181
48064.28 2.20285
48017.87 2.2039
47962.83 2.20515
47914.31 2.20626
47859.89 2.20749
47815.09 2.2085
47769.82 2.20952
47718.01 2.21073
47665.23 2.21193
47612.82 2.21313
47559.7 2.21431
47512.51 2.21542
47456.82 2.21664
47391.88 2.21812
47342.01 2.21929
47290.52 2.22047
47237.65 2.22164
47186.16 2.22282
47127.6 2.22413
47079.05 2.22527
47023.17 2.22654
46973.53 2.2277
46919.26 2.22893
46862.59 2.23021
46805.26 2.23153
46753.71 2.23272
46693.86 2.23409
46640.52 2.23531
46583.47 2.23658
46534.3 2.23775
46476.05 2.23904
46417.78 2.24057
46361.65 2.24171
46303.84 2.24298
46245.09 2.24437
46191.95 2.24557
46133.1 2.24692
46075.31 2.24824
46018.28 2.24962
45961.36 2.25091
45910.75 2.2521
45851.53 2.2534
45789.7 2.25487
45735.1 2.25611
45676.68 2.25743
45611.3 2.25896
45556.01 2.26022
45494.41 2.26166
45433.67 2.26304
45383.86 2.2642
45319.81 2.26568
45260.81 2.26705
45197.96 2.26848
45139.56 2.26986
45084.25 2.27114
45020.24 2.27262
44960.32 2.27402
44900.16 2.27538
44841.29 2.27674
44782.39 2.27811
44717.41 2.27967
44656.5 2.28104
44596.58 2.28243
44536.92 2.28381
44473.7 2.28531
44414.04 2.28668
44350.37 2.28819
44287.22 2.28962
44224.5 2.29109
44163.14 2.29254
44101.99 2.29397
44036.14 2.29417
43974.59 2.296
43912.2 2.29791
43850.21 2.29981
43784.74 2.30174
43722.65 2.30368
43657.81 2.3056
43594.04 2.30753
43532.24 2.30941
43466.75 2.31139
43401.9 2.31337
43337.05 2.31532
43273.45 2.31725
43209.5 2.31923
43141.22 2.32128
43078.39 2.3232
43013.47 2.3252
42946.61 2.32721
42883.4 2.32915
42817.43 2.33115
42749.58 2.33319
42684.5 2.33519
42618.6 2.33721
42551.72 2.33924
42485.05 2.3413
42418.84 2.34331
42352.57 2.34536
42287.61 2.34735
42216.34 2.34949
42152.94 2.35143
42084.08 2.35358
42015.36 2.3557
41950.55 2.35766
41881.61 2.35982
41811.44 2.36194
41744.87 2.364
41674.74 2.36616
41605.23 2.36829
41538.2 2.37038
41468.83 2.37251
41399.14 2.37465
41330.28 2.37675
41261.59 2.3789
41193.24 2.381
41121.9 2.3832
41052.38 2.38538
40982.83 2.38752
40910.24 2.38976
40839.54 2.39193
40769.8 2.39411
40699.18 2.39548
40626.64 2.39822
40557.42 2.40089
40487.31 2.40357
40414.39 2.40638
40343.2 2.40906
40270.9 2.41187
40198.73 2.41461
40127.31 2.41735
40053.64 2.4202
39981.36 2.42298
39922.75 2.42527
39864.61 2.42746
39804.57 2.42977
39755.33 2.43172
39705.39 2.43361
39655.05 2.43557
39606.1 2.43748
39554.49 2.43942
39510.42 2.44115
39464.22 2.44293
39421.03 2.44457
39375.95 2.44635
39327.96 2.44815
39282.79 2.44995
39236.93 2.45174
39190.84 2.45352
39146.2 2.45524
39100.56 2.45697
39050.23 2.4589
39003.64 2.46074
38956.17 2.46258
38909.85 2.46439
38861.89 2.46621
38814.96 2.4681
38768.4 2.46986
38719.07 2.47178
38672.34 2.47366
38625.71 2.47547
38575.65 2.47734
38528.68 2.47924
38481.3 2.48112
38434.61 2.48288
38387.09 2.48478
38339.03 2.48662
38288.5 2.48849
38238.9 2.49053
38187.67 2.49254
38136.94 2.49274
38087.44 2.49534
38039.74 2.49786
37993.01 2.50032
37946.78 2.50266
37899.01 2.50518
37851.91 2.50764
37804.11 2.5101
37757.47 2.51251
37710.58 2.51493
37661.61 2.51749
37614.08 2.51997
37566.56 2.52243
37519.39 2.52489
37470.8 2.52743
37422.56 2.52995
37375.23 2.53242
37327.17 2.53494
37279.08 2.53742
37231.18 2.53993
37182.27 2.54248
37134.1 2.54498
37085.22 2.54756
37037.17 2.55005
36989.14 2.55256
36940.86 2.55513
36891.68 2.55768
36842.86 2.56025
36794.01 2.56283
36744.85 2.56537
36695.95 2.56797
36647.3 2.5705
36593.31 2.57319
36541.32 2.57604
36492.83 2.57866
36442.37 2.58128
36392.39 2.58394
36343.41 2.58648
36293.37 2.5891
36243.29 2.59176
36193.67 2.59438
36143.72 2.59639
36094.18 2.59958
36043.77 2.60279
35993.62 2.60599
35960.22 2.60816
35926.11 2.61028
35893.13 2.61243
35858.79 2.61466
35824.73 2.61682
35791.73 2.61898
35757.31 2.62117
35722.86 2.62336
35689.96 2.62549
35655.9 2.6277
35621.97 2.62988
35587.63 2.63206
35554.69 2.6342
35519.49 2.63646
35485.6 2.63865
35451.62 2.64087
35417.17 2.64302
35383.8 2.64518
35348.79 2.64741
35315.92 2.64956
35281.23 2.65181
35247.39 2.65398
35213.05 2.65621
35178.51 2.65845
35144.44 2.66061
35110.1 2.66285
35076.05 2.66508
35041.87 2.66725
35008 2.66948
34973.11 2.67171
34938.86 2.67395
34904.36 2.67623
34869.84 2.67839
34835.59 2.68062
34801.68 2.68286
34767.6 2.68511
34732.99 2.68728
34698.56 2.68956
34664.15 2.69179
34629.28 2.69406
34594.72 2.69538
34560.32 2.69815
34525.98 2.70093
34491.17 2.70379
34456.99 2.70653
34422.68 2.70931
34388.38 2.71211
34353.15 2.71493
34318.92 2.7177
34284.43 2.72052
34249.97 2.72328
34215.14 2.72609
34180.86 2.72892
34146.26 2.73175
34111.93 2.73446
34077.52 2.73731
34043.04 2.7401
34008.35 2.74287
33974.44 2.74569
33939.61 2.74853
33905.11 2.75135
33870.54 2.75416
33835.75 2.75699
33801.59 2.75978
33766.67 2.76261
33732.25 2.76542
33698.23 2.76822
33663.52 2.77105
33629.36 2.77387
33594.37 2.7767
33560.37 2.77952
33525.79 2.78234
33491.73 2.78509
33457.15 2.78795
33423.08 2.79073
33388.38 2.79359
33353.96 2.79529
33320.19 2.79889
33285.91 2.80262
33251.57 2.80629
33216.97 2.81002
33182.73 2.81368
33148.27 2.81738
33114.43 2.82098
33080.11 2.82468
33046.01 2.82836
33011.6 2.83201
32977.46 2.83572
32943.13 2.83933
32909.09 2.84305
32874.79 2.84672
32841.22 2.85039
32807.29 2.85412
32773.43 2.85769
32739.3 2.86137
32705.26 2.86508
32671.45 2.86875
32637.84 2.8724
32603.9 2.87603
32570.2 2.87963
32536.24 2.88337
32502.72 2.88694
32469.27 2.8906
32435.37 2.89426
32401.87 2.89792
32368.07 2.90153
32334.49 2.90539
32301.02 2.90905
32267.63 2.91276
32233.98 2.91649
32200.36 2.92018
32167.07 2.92394
32133.48 2.92769
32100.39 2.93139
32067 2.9351
32033.74 2.93883
32000.27 2.94251
31966.87 2.9462
31933.56 2.9499
31900.5 2.95361
31867.58 2.95739
31834.32 2.961
31801.31 2.96469
31768.52 2.96837
31735.63 2.97211
31702.43 2.9758
31669.31 2.97947
31636.31 2.98322
31603.42 2.98691
31570.38 2.99055
31537.99 2.99422
31505.48 2.9979
31472.75 3.0016
31440.15 3.00544
31407.42 3.00916
31374.95 3.01291
31342.15 3.01674
31309.84 3.0205
31277.53 3.02428
31245.14 3.02794
31228.85 3.02987
31212.47 3.03179
31196.23 3.03373
31179.63 3.03562
31153.85 3.03857
31127.97 3.04159
31101.89 3.04461
31076.44 3.0476
31050.97 3.0506
31025.32 3.05357
31000.41 3.05654
30975.61 3.05942
30951.65 3.06229
30928.16 3.06503
30905.79 3.06757
30884.9 3.07014
30865.21 3.07246
30848.49 3.07455
30834.94 3.07615
30822.04 3.07766
30803.37 3.07955
30781.77 3.08206
30757.5 3.08479
30734.87 3.08751
30707.4 3.09041
30681.55 3.09357
30656.78 3.09653
30634.14 3.09929
30612.98 3.10183
30588.38 3.1045
30566.32 3.10603
30541.91 3.10833
30518.3 3.1106
30495.74 3.1129
30473.03 3.11514
30450.35 3.11727
30428.33 3.11946
30405.67 3.12167
30382.46 3.12388
30358.88 3.12619
30333.02 3.12858
30308.75 3.13113
30280.49 3.13356
30253.47 3.13631
30230.3 3.13883
30205.33 3.14119
30183.22 3.1435
30160.42 3.14566
30137.98 3.14786
30115.58 3.15008
30092.78 3.1523
30066.91 3.15456
30040.45 3.15719
30017.13 3.15966
29994.34 3.1619
29969.9 3.16428
29942.97 3.16679
29914.11 3.16942
29885.9 3.1723
29860.13 3.17507
29833.41 3.17753
29810.47 3.18002
29785.78 3.18234
29762.64 3.18473
29739.87 3.18692
29716.1 3.18928
29691.76 3.19167
29667.84 3.19402
29642.28 3.19642
29619.76 3.19881
29597.95 3.20112
29575.8 3.20352
29553.62 3.20586
29531.62 3.20821
29509.4 3.21061
29487.52 3.21297
29465.64 3.21532
29444.6 3.21756
29422.99 3.21989
29402.48 3.22215
29382.28 3.22435
29362.2 3.22643
29342.27 3.22861
29322.6 3.23073
29303.08 3.23288
29284.25 3.23491
29265.52 3.23695
29247.65 3.23885
29228.44 3.24087
29209.84 3.24288
29190.78 3.24495
29172.23 3.24691
29152.43 3.24901
29133.28 3.25114
29114.02 3.25319
29094.65 3.25522
29074.77 3.25738
29055.38 3.25953
29035.02 3.26166
29014.92 3.26386
28994.83 3.26603
28974.2 3.26827
28954.43 3.27042
28933.36 3.27268
28912.7 3.27493
28892.27 3.27717
28871.5 3.27939
28850.84 3.28161
28830.34 3.28386
28809.67 3.28609
28788.3 3.28839
28767.11 3.29068
28746.19 3.29297
28725.15 3.29522
28704.26 3.29751
28683.15 3.29978
28662.11 3.30199
28640.97 3.30426
28619.81 3.30651
28598.37 3.30876
28577.18 3.31098
28555.99 3.3132
28535.19 3.31544
28513.48 3.3177
28492.41 3.31994
28471.29 3.32217
28450.26 3.32437
28428.96 3.32662
28407.88 3.32888
28386.56 3.33114
28366.05 3.33332
28345.3 3.33548
28324.91 3.33766
28304.52 3.3398
28283.31 3.34206
28262.03 3.34432
28241.03 3.34657
28220.49 3.34876
28199.8 3.35094
28178.33 3.35319
28158.13 3.35529
28137.37 3.35756
28116.67 3.35975
28096.08 3.36197
28075.23 3.36416
28054.51 3.36636
28034.16 3.36852
28013.98 3.37069
27994.16 3.3728
27973.92 3.37496
27954.17 3.37708
27934.23 3.37921
27914.26 3.38133
27894.94 3.38337
27875.86 3.38547
27856.77 3.38748
27837.84 3.38947
27818.5 3.39154
27800.09 3.39353
27781.7 3.39546
27763.9 3.3974
27745.45 3.39932
27727.05 3.40149
27709.21 3.40357
27690.81 3.40563
27673.3 3.40769
27655.13 3.40972
27637.66 3.41179
27619.76 3.41395
27601.49 3.41604
27583.81 3.41807
27567.54 3.42007
27551.62 3.42185
27534.83 3.42385
27518.07 3.42581
27501.87 3.42766
27485.41 3.42961
27468.78 3.4315
27452.73 3.43339
27436.24 3.43532
27419.6 3.4372
27402.89 3.43917
27386.7 3.44106
27370.2 3.44299
27353.96 3.44485
27337.64 3.44679
27321.05 3.44867
27304.89 3.45061
27288.67 3.45254
27272.21 3.4544
27255.81 3.45636
27238.86 3.45832
27222.13 3.46027
27205.11 3.46224
27188.56 3.46419
27171.67 3.46617
27154.82 3.46809
27138.2 3.47007
27121.12 3.47207
27104.16 3.47405
27087.42 3.47604
27070.54 3.478
27053.57 3.47997
27036.37 3.48199
27019.58 3.48395
27002.73 3.48592
26985.96 3.48794
26969.13 3.48989
26952.25 3.49184
26935.49 3.49384
26918.66 3.49581
26901.71 3.49735
26884.82 3.49978
26868 3.50204
26851.09 3.50438
26834.12 3.50673
26817.22 3.50903
26800.26 3.51137
26783.42 3.51365
26766.85 3.51596
26750.09 3.51832
26733.39 3.5206
26716.56 3.52288
26699.8 3.52523
26683.12 3.52753
26666.43 3.52981
26649.8 3.53215
26633.09 3.53445
26616.43 3.53678
26599.91 3.53904
26583.17 3.54133
26566.64 3.54366
26550.18 3.54592
26533.71 3.54821
26517.3 3.55051
26500.55 3.55275
26484.14 3.55503
26467.5 3.55737
26451.02 3.55963
26434.57 3.56191
26418.24 3.56424
26401.83 3.56646
26385.46 3.56876
26369.11 3.57097
26352.87 3.57323
26336.62 3.57547
26320.53 3.57775
26304.44 3.57995
26288.24 3.58222
26271.95 3.58445
26256.12 3.5867
26239.72 3.58896
26223.71 3.59124
26207.73 3.59346
26191.87 3.59565
26176.04 3.59788
26160.3 3.60006
26144.51 3.60223
26128.64 3.60432
26112.82 3.60646
26097.03 3.60858
26081.22 3.6107
26065.69 3.61285
26050.1 3.61495
26034.42 3.61711
26018.93 3.61922
26003.22 3.6213
25987.82 3.62341
25972.34 3.62547
25957.09 3.62758
25941.64 3.62967
25926.09 3.63172
25910.98 3.63382
25895.71 3.63586
25880.5 3.63793
25865.16 3.63997
25849.98 3.64211
25834.88 3.64408
25819.85 3.64613
25804.75 3.64822
25789.74 3.65026
25774.7 3.65231
25759.84 3.6543
25745.07 3.65634
25730.17 3.65833
25715.37 3.66036
25700.59 3.66237
25685.65 3.66439
25670.91 3.66636
25656.21 3.66837
25641.79 3.67037
25627.17 3.67234
25612.58 3.6743
25598.14 3.67632
25583.61 3.67826
25569.22 3.68021
25554.87 3.68219
25540.37 3.68414
25525.99 3.68611
25511.79 3.68803
25497.75 3.68998
25483.67 3.69189
25469.44 3.69381
25455.27 3.69576
25441.3 3.69768
25427.42 3.6996
25413.57 3.7015
25399.58 3.70338
25385.7 3.70524
25371.93 3.70711
25357.97 3.70899
25344.32 3.71086
25330.72 3.71273
25316.96 3.71462
25303.26 3.71645
25289.63 3.71832
25276.15 3.72013
25262.75 3.72193
25249.02 3.7238
25235.57 3.7256
25222.15 3.72745
25208.82 3.7293
25195.46 3.73108
25182.17 3.73292
25168.85 3.7347
25155.6 3.73652
25142.34 3.73837
25129.31 3.74009
25115.96 3.74187
25102.79 3.74375
25090.01 3.74557
25076.62 3.74727
25063.46 3.74906
25050.56 3.75083
25037.4 3.75264
25024.57 3.75438
25011.7 3.75613
24998.82 3.75789
24986.02 3.75966
24973.16 3.76139
24960.43 3.76309
24947.81 3.76485
24935.18 3.76659
24922.56 3.76833
24909.83 3.77001
24897.2 3.77177
24884.7 3.77348
24872.36 3.77519
24859.87 3.77687
24847.24 3.77859
24834.78 3.78033
24822.08 3.78203
24807.11 3.78393
24792.91 3.78604
24780.61 3.78774
24766.9 3.78943
24753.75 3.79134
24741.23 3.79304
24729.17 3.79478
24717 3.79644
24704.33 3.7978
24691.66 3.7999
24679.81 3.80176
24667.75 3.8036
24655.86 3.80553
24643.81 3.80739
24632.09 3.80926
24620.45 3.8111
24608.88 3.81294
24597 3.81476
24585.44 3.81666
24573.66 3.81845
24562.08 3.82027
24550.46 3.82213
24538.04 3.82393
24525.9 3.8259
24514.37 3.82774
24503.08 3.82957
24491.12 3.83143
24479.98 3.83317
24467.03 3.83511
24455.61 3.83701
24443.93 3.83881
24432.55 3.84063
24420.76 3.84244
24409.52 3.84431
24398.17 3.84604
24386.9 3.8478
24374.74 3.84971
24363.65 3.8515
24352.63 3.85326
24341.76 3.85495
24330.95 3.8567
24319.42 3.85844
24308.24 3.86022
24297.57 3.86192
24286.81 3.86363
24276.14 3.8653
24265.32 3.86702
24254.84 3.86873
24244.13 3.87037
24232.94 3.87209
24222.29 3.87375
24210.7 3.87554
24200.35 3.8773
24189.11 3.879
24178.75 3.8807
24167.57 3.88238
24157.46 3.88408
24146.52 3.88569
24135.63 3.88746
24125.09 3.88909
24114.86 3.89084
24104.63 3.89245
24094.83 3.89396
24084.57 3.89561
24074.5 3.89726
24063.91 3.89877
24053.87 3.90048
24043.77 3.9023
24033.63 3.90403
24023.41 3.90587
24012.86 3.90766
24002.5 3.90942
23992.54 3.91127
23982.87 3.913
23973.22 3.91465
23963.6 3.91633
23953.7 3.91799
23943.7 3.91978
23933.65 3.9215
23923.93 3.92324
23913.94 3.92496
23903.47 3.92676
23894.21 3.92844
23884.8 3.93009
23875.26 3.9317
23865.81 3.93344
23856.23 3.93501
23846.75 3.93669
23837.52 3.93835
23828.21 3.93998
23819.08 3.94152
23809.37 3.9432
23800.23 3.94487
23790.44 3.9465
23781.43 3.94811
23772.16 3.94971
23763 3.9514
23754.08 3.95294
23744.65 3.95461
23735.33 3.95619
23726.37 3.95783
23717.43 3.95943
23707.94 3.96111
23699.22 3.96257
23690.03 3.96423
23681.23 3.96574
23672.52 3.96725
23663.95 3.96885
23655.24 3.97035
23646.49 3.97193
23637.73 3.9734
23629.33 3.97492
23620.55 3.97642
23612.19 3.97794
23603.71 3.97937
23595.44 3.9809
23586.94 3.98236
23578.5 3.98379
23570.09 3.98529
23561.77 3.98674
23553.47 3.98817
23545.13 3.98964
23536.79 3.99108
23528.84 3.99256
23520.45 3.99399
23512.25 3.99543
23504.3 3.99637
23496.32 3.99803
23488.22 3.99968
23479.99 4.00137
23472.11 4.00296
23464.11 4.00456
23456.4 4.00619
23448.48 4.00782
23440.58 4.00947
23432.83 4.01101
23425.37 4.01257
23417.72 4.01413
23410.1 4.01572
23402.5 4.01726
23394.75 4.01888
23387.25 4.02039
23379.76 4.02192
23372.59 4.02341
23365.19 4.02496
23358.06 4.02642
23350.7 4.02794
23343.39 4.02936
23336.27 4.03089
23329.18 4.03232
23322.14 4.03379
23315.21 4.03524
23308.36 4.03662
23301.42 4.03805
23294.7 4.03947
23287.99 4.04083
23281.28 4.04222
23274.63 4.04359
23267.88 4.04495
23261.26 4.04635
23254.76 4.04762
23248.38 4.04899
23242.1 4.05033
23235.43 4.05165
23229.18 4.05295
23222.76 4.0543
23216.76 4.05561
23210.51 4.05684
23204.4 4.05808
23198.28 4.05939
23192.18 4.06063
23186.1 4.0619
23180.05 4.0631
23174.29 4.06436
23168.34 4.06552
23162.55 4.06678
23156.73 4.06793
23151.15 4.0691
23145.31 4.07032
23139.82 4.07146
23134.37 4.07268
23128.93 4.07375
23123.5 4.07487
23117.85 4.07601
23112.49 4.07713
23107.32 4.07822
23102.01 4.07932
23096.78 4.08035
23091.62 4.08144
23086.49 4.08249
23081.33 4.08355
23076.27 4.08462
23071.31 4.0856
23066.19 4.08668
23061.3 4.08773
23056.31 4.08876
23051.37 4.08974
23046.37 4.09082
23041.41 4.09183
23036.64 4.09284
23031.74 4.09385
23027.02 4.09481
23022.24 4.09581
23017.44 4.09675
23012.63 4.09778
23007.83 4.09878
23003.39 4.09972
22998.69 4.10068
22993.84 4.10167
22989.41 4.10259
22984.74 4.10355
22980.25 4.10451
22975.83 4.10542
22969.31421 4.10681
22963.2748 4.1078
22960.66317 4.1084
22958.05153 4.1092
22953.72601 4.1098
22949.40049 4.11039
22945.89111 4.11119
22943.36108 4.11188
22940.74945 4.11248
22938.13781 4.11317
22934.62843 4.11377
22930.30291 4.11436
22927.69127 4.11506
22925.16125 4.11565
22921.65186 4.11645
22919.14686 4.11702
22915.33515 4.11778
22913.19979 4.11834
22910.24621 4.11898
22907.27268 4.11955
22903.9457 4.12022
22900.76231 4.12095
22898.08024 4.12153
22895.42324 4.12213
22891.6884 4.12282
22889.30712 4.12328
22885.84801 4.12396
22883.44166 4.12453
22880.78466 4.12503
22877.57621 4.1257
22874.91921 4.12636
22871.73582 4.12693
22869.32948 4.12743
22865.09533 4.12834
22862.96916 4.12879
22860.21088 4.12932
22857.76866 4.12984
22854.72307 4.13037
22852.56817 4.13079
22850.75805 4.13137
22846.79303 4.13212
22844.03476 4.13271
22841.59253 4.13318
22839.75368 4.13371
22836.10472 4.13429
22832.42702 4.13504
22828.59 4.13593
22826.33583 4.13624
22823.39 4.13671
22821.31387 4.13711
22817.86 4.13755
22815.58529 4.13799
22812.83 4.13849
22812.31731 4.13875
22810.23 4.13905
22808.53 4.13939
22805.97 4.13961
22803.54 4.14013
22801.23 4.14045
22799.6683 4.14061
22798.44 4.14087
22797.2077 4.14109
22796.2 4.14131
22795.55448 4.14143
22794.47 4.14161
22793.5 4.14175
22792.01955 4.14191
22791.67 4.14197
22790.57438 4.1421
22789.37133 4.14224
22788.48607 4.14233
22787.68404 4.14244
22786.79878 4.14255
22786.55666 4.1426
22785.99675 4.14265
22785.18716 4.14273
22784.46836 4.14279
22783.82522 4.14285
22783.09885 4.14294
22782.13793 4.14304
22781.01055 4.14311
22779.56538 4.14325
22777.0685 4.14346
22774.33183 4.14374
22772.67862 4.14399
22770.64093 4.14429
22768.60325 4.14469
22764.79 4.14497
22763.39 4.14525
22761.91 4.14562
22760.2 4.14602
22758.89 4.14623
22757.08 4.1466
22755.49 4.14701
22754.23 4.14722
22752.82 4.14749
22751.29 4.14786
22749.34 4.14829
22747.71 4.14861
22746.14 4.14897
22744.56 4.14938
22743.18 4.14975
22741.6 4.14999
22739.54 4.15041
22737.75 4.15086
22735.86 4.15131
22734.05 4.15166
22732.27 4.152
22730.53 4.15242
22728.93 4.15279
22726.86 4.15322
22724.85 4.15368
22723.31 4.15403
22721.33 4.15445
22719.12 4.15486
22717.2 4.15533
22714.9 4.15586
22713.02 4.15632
22711.14 4.15667
22708.84 4.15717
22706.59 4.15775
22704.65 4.15812
22702.16 4.15857
22699.9 4.1591
22697.71 4.15966
22695.07 4.1602
22693.11 4.16061
22690.82 4.16105
22688.72 4.1616
22686.43 4.16203
22684.08 4.16252
22681.91 4.16309
22678.93 4.16358
22674.41 4.16449
22671.03 4.16534
22667.46 4.16615
22664.4 4.16688
22661.97 4.16742
22659.39 4.16793
22656.41 4.16853
22654.56 4.16904
22651.75 4.16959
22649.44 4.17017
22647.25 4.17064
22644.68 4.17121
22642.65 4.17167
22639.97 4.17214
22637.69 4.17281
22635.2 4.17325
22632.32 4.17392
22630.22 4.17434
22627.23 4.17491
22624.32 4.17559
22621.96 4.17612
22619.08 4.17672
22616.15 4.17736
22612.83 4.17802
22609.62 4.17882
22607.25 4.17908
22604.03 4.18
22601.49 4.18068
22598.74 4.18122
22595.69 4.18184
22592.91 4.18238
22589.02 4.18319
22585.3 4.1841
22581.85 4.18483
22577.93 4.18572
22574.85 4.18648
22572.45 4.18705
22569.72 4.18756
22567.47 4.18813
22563.96 4.18879
22560.57 4.18963
22557.58 4.19026
22554.68 4.19091
22552.27 4.19149
22549.19 4.19205
22545.86 4.19279
22542.73 4.19342
22537.42 4.19435
22533.03 4.19549
22527.62 4.19651
22522.59 4.19782
22520.86 4.19843
22518.28 4.19882
22515.47 4.19959
22514.6 4.19997
22512.4 4.20024
22510.37 4.20074
22507.26 4.20122
22503.65 4.20202
22498.33 4.20304
22494.04 4.20412
22491.24 4.20487
22488 4.20549
22477.81 4.20598
22484.91 4.20623
22475.16 4.20657
22481.74 4.20688
22471.99 4.20706
22469.62 4.20761
22466.89 4.20792
22464.39 4.20851
22461.28 4.20881
22457.81 4.20957
22454.68 4.21004
22450.33 4.21071
22447.32 4.21134
22443.4 4.21182
22439.53 4.21265
22436.59 4.2131
22432.62 4.2138
22429.69 4.21443
22426.03 4.21487
22422.84 4.21561
22419.84 4.21607
22416.35 4.2166
22414.26 4.21709
22410.96 4.21759
22408.1 4.21807
22404.51 4.21863
22401.34 4.21924
22396.67 4.2199
22393.53 4.22057
22389.68 4.22122
22386.29 4.22184
22382.35 4.22247
22378.31 4.22325
22375.08 4.22373
22370.7 4.22448
22368.04 4.22512
22364.4 4.22562
22361.31 4.22621
22358.6 4.22653
22355.01 4.22724
22352.12 4.22767
22347.88 4.22843
22344.67 4.22904
22340.4 4.2297
22337.22 4.23029
22333.04 4.23088
22329.77 4.2316
22326.03 4.23209
22322.51 4.23285
22318.92 4.23333
22315.07 4.23408
22312.18 4.23455
22308.32 4.23523
22305.6 4.23576
22301.6 4.23628
22298.07 4.23701
22294.23 4.23764
22290.14 4.23837
22286.07 4.23899
22281.92 4.23975
22278.23 4.2404
22273.64 4.24117
22270.79 4.24174
22266.99 4.24232
22263.58 4.24302
22252.45 4.2434
22259.61 4.24356
22255.31 4.24422
22247.54 4.24424
22244.35 4.24524
22240.52 4.246
22236.32 4.2469
22232.51 4.24775
22227.61 4.24878
22224.62 4.24959
22219.59 4.25049
22216.6 4.25149
22211.66 4.25223
22207.67 4.2533
22203.53 4.25412
22200.44 4.25497
22196.97 4.25567
22192.81 4.25659
22188.73 4.2573
22184.54 4.25827
22181.48 4.2591
22176.6 4.26006
22173.27 4.26093
22168.5 4.26179
22165.19 4.26276
22161.41 4.26342
22157.65 4.26434
22154.08 4.26513
22149.7 4.26597
22146.17 4.26681
22141.48 4.26782
22137.42 4.26877
22133.33 4.26964
22130.46 4.27047
22126.22 4.27105
22122.29 4.27204
22116.73 4.2731
22113.09 4.27414
22108.08 4.27506
22104.13 4.27611
22099.58 4.27705
22095.97 4.27805
22091.75 4.27876
22087.65 4.27975
22084.12 4.28042
22078.72 4.28157
22074.33 4.28254
22069.54 4.28377
22066.61 4.28458
22062.73 4.28522
22058.98 4.28609
22053.93 4.28698
22049.51 4.28823
22044.9 4.28905
22040.46 4.29019
22036.51 4.29096
22031.92 4.29208
22027.86 4.29284
22022.27 4.29405
22019.18 4.29498
22015.19 4.29571
22012.09 4.29653
22007.88 4.29721
22004.79 4.29797
21994.51 4.29872
21999 4.2991
21989.93 4.3013
21986.02 4.30242
21982.34 4.30314
21978.78 4.30407
21974.78 4.30485
21969.17 4.30603
21964.26 4.30706
21958.94 4.30842
21955 4.3093
21949.75 4.31045
21946.41 4.31141
21941.92 4.31226
21937.85 4.31318
21932.31 4.31442
21927.57 4.31543
21922.83 4.31669
21918.93 4.31767
21914.33 4.3187
21910.63 4.31946
21905.65 4.3205
21901.46 4.32168
21896.17 4.32275
21892.15 4.32388
21887.26 4.32474
21883 4.32587
21877.61 4.32704
21872.89 4.32813
21868.36 4.3292
21864.48 4.33007
21859.53 4.33129
21855.51 4.33209
21850.28 4.33332
21845.82 4.33433
21840.14 4.33558
21835.6 4.33661
21830.46 4.33786
21825.58 4.33887
21820.27 4.34029
21814.99 4.34126
21811.32 4.34248
21806.81 4.34333
21803.08 4.3443
21798.05 4.3453
21793.59 4.3464
21788.62 4.34742
21784.36 4.34854
21779.22 4.34974
21774.72 4.35053
21767.68 4.352
21762.21 4.35321
21757.97 4.35424
21751.77 4.35534
21747.56 4.35656
21742.37 4.35746
21737.88 4.35875
21732.69 4.35955
21728.78 4.36062
21723.08 4.36164
21718.96 4.36266
21712.56 4.3639
21708.31 4.36498
21703.54 4.36602
21698.64 4.36684
21693.08 4.36827
21687.9 4.36914
21681.56 4.37059
21677.49 4.37155
21672.87 4.3726
21666.41 4.37371
21662.02 4.37497
21656.46 4.37598
21651.04 4.37711
21646.81 4.37824
21643.17 4.37906
21637.57 4.38002
21632.55 4.38127
21628.13 4.38224
21621.76 4.38342
21617.5 4.38458
21611.52 4.38561
21605.79 4.38697
21600.8 4.38819
21596.35 4.38901
21591.76 4.3901
21587.84 4.39094
21584.07 4.39176
21578.17 4.39284
21572.09 4.39394
21566.75 4.39544
21558.93 4.39595
21552.94 4.39809
21546.01 4.39967
21541.6 4.40102
21535.72 4.40242
21532.33 4.40345
21527.04 4.40466
21521.86 4.40622
21517.05 4.40721
21512.27 4.40859
21506.12 4.40979
21501.09 4.4115
21495.09 4.41277
21489.86 4.4143
21484.54 4.41572
21480.51 4.41667
21474.16 4.41828
21467.93 4.41971
21463.1 4.42114
21456.3 4.42273
21451.88 4.42401
21447.17 4.42537
21440.7 4.42679
21435.49 4.42829
21428.48 4.43
21422.74 4.43144
21417.75 4.43284
21410.36 4.43437
21406.4 4.43578
21399.87 4.43716
21393.24 4.43876
21388.1 4.44051
21383.85 4.44166
21378.57 4.44303
21373.29 4.44416
21368.07 4.44542
21361.86 4.44724
21355.21 4.44871
21349.71 4.45047
21343.81 4.45185
21340.3 4.45304
21333.88 4.45429
21328.12599 4.45521
21324.07736 4.45596
21318.02822 4.45717
21313.45565 4.45791
21307.88282 4.45854
21302.30999 4.45928
21294.39 4.46035
21288.5 4.46155
21281.98 4.46271
21277.12 4.46359
21270.37 4.4648
21263.37 4.46608
21259.33 4.46701
21254.06 4.46786
21247.08 4.46902
21241.73 4.47025
21236.04 4.47118
21229.87 4.47219
21223.64 4.47356
21218.51 4.47444
21213.79 4.47541
21208.41 4.47632
21202.14 4.47739
21196.5 4.47868
21190.67 4.47949
21185.57 4.48063
21177.93 4.48189
21173.9 4.4828
21168.16 4.48371
21161.19 4.48487
21154.63 4.4861
21149.92 4.4872
21144.86 4.48816
21140.71 4.48881
21133.6 4.48988
21126.93 4.49131
21119.96 4.49253
21115.08 4.49369
21108.64 4.49465
21100.91 4.49482
21094.8 4.49676
21090.71 4.49745
21084.6 4.49879
21077.6 4.50055
21071.13 4.50197
21066.35 4.5033
21059.68 4.50476
21052.51 4.50621
21046.63 4.50791
21041.83 4.50915
21036.61 4.51009
21030.05 4.51167
21022.95 4.51334
21016.61 4.51466
21010.89 4.51629
21004.97 4.51783
20997.67 4.51907
20992.72 4.52056
20987.49 4.52188
20982.34 4.52296
20974.82 4.52444
20969.1 4.52618
20964.44 4.52738
20958.21 4.52848
20951.61 4.53
20945.2 4.53169
20938.63 4.53332
20932.27 4.53455
20926.98 4.53587
20920.32 4.53758
20912.29 4.53909
20906.61 4.54087
20903.03 4.54179
20897.08 4.54318
20889.7 4.5446
20882.78 4.54619
20878.13 4.54768
20872.18 4.54885
20865.67 4.55042
20859.42 4.5517
20853.27 4.55331
20847.29 4.55477
20840.85 4.55626
20834.01 4.55787
20829.1 4.55905
20821.84 4.5607
20814.05 4.56238
20809.03 4.56393
20803.77 4.56503
20797.19 4.56648
20789.68 4.56815
20784.47 4.56973
20777.97 4.57121
20770.77 4.5727
20764.84 4.57411
20761.33 4.57543
20754.62 4.57662
20747.21 4.57825
20741.33 4.57971
20736.02 4.58129
20731.22 4.58236
20725.91 4.58344
20719.39 4.58487
20713.05 4.58646
20705.86 4.58831
20700.39 4.5896
20695.78 4.59072
20689.86 4.59193
20684.21 4.59345
20677.04 4.59484
20670.01 4.59653
20664.88 4.59778
20660.96 4.59896
20653.92 4.60031
20646.37 4.60258
20640.92 4.60423
20634.35 4.60548
20626.81 4.60746
20621.01 4.60935
20615.45 4.61092
20608.28 4.61251
20600.77 4.61456
20596.5 4.61627
20593.02 4.61731
20586.05 4.61854
20577.99 4.62056
20571.19 4.62266
20566.69 4.62416
20561.56 4.6254
20555.45 4.62681
20548 4.62874
20542.31 4.63029
20536.16 4.63202
20523.44 4.63464
20506.46 4.63851
20486.41 4.6436
20467.64908 4.64883
20446.37706 4.65465
20429.06154 4.6601
20413.74755 4.66476
20410.76853 4.66565
20408.30154 4.66619
20406.95294 4.66692
20403.38 4.66759
20400.72954 4.6683
20396.45 4.6692
20393.58105 4.66994
20390.98602 4.67075
20388.28 4.6715
20384.6244 4.6727
20379.22 4.67382
20376.59286 4.67469
20371.37 4.67602
20368.09876 4.67719
20363.64 4.67821
20359.60467 4.67883
20355.67 4.68039
20347.19 4.68255
20343.07903 4.68349
20339.84 4.68463
20335.51003 4.68565
20332.62 4.68654
20326.55339 4.68815
20322.55864 4.68918
20319.31 4.69039
20316.71369 4.69126
20313.19 4.69219
20309.1447 4.6929
20305.97 4.69385
20303.3418 4.69454
20301.34 4.69535
20299.76755 4.69592
20296.19331 4.69678
20292.35 4.69772
20287.17 4.69925
20281.2 4.70073
20274.71 4.70243
20268.05 4.70412
20262.33 4.70483
20257.63 4.70585
20251.44 4.7071
20246.72 4.70839
20240.18 4.70991
20235.18 4.71106
20229.44 4.71219
20223.14 4.71361
20212.51 4.71529
20206.82 4.71753
20203.01 4.71837
20198.13 4.71951
20191.33 4.72071
20181.98 4.7226
20171.89 4.72457
20157.68 4.72735
20138.02 4.7314
20117.26 4.73587
20096.52 4.74068
20075.73 4.74534
20056 4.74998
20038.06 4.75434
20024.35 4.75782
20007.42 4.76101
19989.86 4.76511
19972.73 4.76898
19956.28 4.77278
19941.15 4.77641
19923.74 4.78008
19907.34 4.78383
19899.39712 4.78604
19896.9 4.78663
19893.73851 4.78744
19888.7145 4.78863
19886.44048 4.78933
19881.69 4.79044
19875.86 4.79217
19871.84443 4.79312
19866.2387 4.79421
19860.63297 4.7955
19855.55609 4.7968
19851.64265 4.79759
19847.1475 4.79909
19840.37831 4.80019
19833.08029 4.80198
19828.43 4.80326
19825.20054 4.80447
19822.99 4.80536
19819.06597 4.80675
19815.97 4.80765
19817.1 4.80767
19816.53 4.80837
19814.57081 4.80914
19811.9 4.81018
19810.60449 4.81103
19808.38335 4.81153
19806.69106 4.81183
19803.58 4.81296
19800.5036 4.81402
19797.70074 4.81482
19795.47 4.81567
19792.1 4.81631
19785.90755 4.81701
19783.10469 4.8178
19779.7201 4.8187
19781.41239 4.8187
19778.0278 4.8192
19775.80666 4.82019
19770.72978 4.82159
19766.81634 4.82258
19763.96059 4.82358
19756.11 4.82472
19737.21 4.82782
19713.61 4.83413
19692.06 4.84047
19672.41 4.84657
19666.03263 4.85081
19664.47263 4.85127
19663.8 4.8516
19661.88889 4.85208
19660.3289 4.85257
19659.2954 4.85277
19658.26191 4.85303
19656.49716 4.8534
19654.94692 4.85378
19650.69594 4.8548
19645.93796 4.85575
19633.32 4.85841
19617.43 4.86256
19608.85898 4.86705
19608.54986 4.86715
19607.99785 4.86737
19607.53416 4.86753
19605.96646 4.86783
19604.56069 4.8683
19603.39043 4.86864
19602.29378 4.86887
19601.66817 4.8691
19600.73344 4.86933
19600.26239 4.86959
19599.55582 4.86977
19598.69469 4.86989
19597.83356 4.87021
19597.08 4.87035
19596.19226 4.87069
19595.56665 4.87085
19595.11 4.87101
19595.01 4.87106
19594.3964 4.87117
19593.77079 4.87136
19592.60053 4.87161
19587.06 4.87294
19581.6 4.87435
19576.44 4.876
19568.71 4.87751
19553.57 4.88088
19533.16 4.88628
19513.90654 4.89327
19507.32182 4.89542
19503.71992 4.89686
19501.52 4.89732
19492.51 4.89953
19489.3686 4.90022
19488.80581 4.90093
19482.99 4.90229
19479.23826 4.9032
19474.45 4.90421
19471.19 4.90482
19469.67072 4.90537
19467.25069 4.90584
19465.44974 4.90644
19463.086 4.90704
19462.46692 4.90739
19459.24 4.90796
19457.76 4.90855
19455.3194 4.90896
19452.33658 4.90979
19448 4.91092
19446.12 4.91143
19442.76904 4.91207
19440.34901 4.9129
19437.66 4.91359
19432.58242 4.9147
19429.04 4.91601
19423.63395 4.91734
19419.85 4.91825
19409.98 4.92079
19406.29981 4.92189
19400.89696 4.92272
19395.84 4.92386
19393.69317 4.92487
19390.02 4.92638
19383.59 4.92747
19377.48 4.9297
19374.19 4.9306
19370.56 4.93153
19365.9 4.93254
19357.81 4.93435
19350.46 4.93636
19344.46 4.93817
19339.3 4.93972
19332.06 4.94111
19324.58 4.94314
19318.36 4.94487
19311.33 4.94644
19304.52 4.94831
19297.38 4.95005
19290.96 4.95191
19285.11 4.9535
19276.79 4.95512
19268.71 4.95729
19261.58 4.95933
19255.7 4.96093
19250.02 4.96233
19242.35 4.96392
19235.47 4.96592
19229.15 4.96763
19223.05 4.96905
19215.85 4.9709
19210.01 4.97279
19206.26 4.97384
19200.72 4.97495
19193.5 4.97687
19186.99 4.9785
19179.83 4.98023
19173.74 4.98184
19166.22 4.98381
19160.29 4.98529
19155.68 4.98697
19150.57 4.98803
19143.32 4.9898
19134.91 4.99189
19128.48 4.9938
19120.61 4.99554
19116.97 4.99718
19111.63 4.99815
19104.12 4.99974
19096.57 5.00183
19088.21 5.00384
19081.92 5.00562
19069.08 5.00662
19076.17 5.0072
19062.52 5.00791
19055.41 5.00934
19049.8 5.01041
19044.67 5.01155
19037.03 5.01265
19031.41 5.01423
19026.24 5.01513
19021.18 5.016
19014.76 5.01716
19010.51 5.01804
19006.16 5.01902
19000.09 5.02003
18994.28 5.0213
18987.83 5.0224
18982.08 5.02364
18976.31 5.02469
18970.35 5.02568
18963.67 5.02699
18958.28 5.02827
18951.23 5.02958
18946.32 5.03051
18939.42 5.0317
18933.52 5.03292
18926.68 5.03405
18919.84 5.03536
18912.99 5.03685
18906.19 5.038
18899.88 5.03952
18893.22 5.04059
18886.36 5.04198
18879.27 5.04327
18871.81 5.0447
18867.38 5.0459
18862.17 5.04681
18855.9 5.04779
18848.9 5.04925
18842.12 5.0507
18835.84 5.05178
18830.09 5.05305
18822.42 5.05435
18816.08 5.05563
18810.3 5.05684
18803.83 5.05801
18797.21 5.05933
18792.1 5.06041
18785.24 5.06147
18779.59 5.0629
18773.13 5.06385
18767.65 5.065
18761.59 5.0662
18755.73 5.06732
18749.29 5.06844
18741.42 5.07012
18735.45 5.0713
18728.2 5.0727
18722.58 5.07386
18717.02 5.07483
18710.91 5.07611
18705.69 5.07725
18699.12 5.07841
18692.73 5.0796
18685.88 5.08094
18679.06 5.08222
18673.25 5.08337
18666.82 5.0846
18659.47 5.08603
18653.74 5.08725
18646.71 5.0884
18639.89 5.0899
18633.76 5.09122
18628.1 5.09206
18621.18 5.09354
18615.23 5.09463
18608.42 5.0959
18602.66 5.09718
18596.71 5.09824
18591.51 5.09943
18585.27 5.10064
18578.14 5.10192
18570.62 5.10309
18564.63 5.10458
18557.58 5.10592
18550.16 5.10735
18544.15 5.10867
18538.2 5.10976
18531.69 5.11083
18525.32 5.11226
18521 5.11309
18516.62 5.11414
18509.85 5.11529
18503.5 5.11651
18498.3 5.11744
18490.8 5.11886
18483.75 5.12033
18477.45 5.12152
18471.33 5.12281
18465.89 5.12375
18460.22 5.12504
18453.85 5.1261
18447.86 5.12741
18441.91 5.12847
18433.09 5.12989
18420.4 5.13204
18405.68 5.13478
18391.51 5.13772
18379.54 5.14018
18371.52 5.14225
18358.82 5.14339
18364.06 5.14357
18353.07 5.14466
18346.1 5.14629
18340.84 5.14801
18335.09 5.14928
18327.56 5.15081
18321.41 5.15275
18315.87 5.15416
18308.8 5.15581
18302.52 5.15757
18295.92 5.15911
18290.89 5.16056
18284.18 5.16194
18279.12 5.16356
18274.54 5.16476
18269.47 5.1659
18264.11 5.1672
18258.52 5.16871
18251.67 5.17047
18246.9 5.1716
18239.69 5.17329
18233.46 5.17511
18227.04 5.17665
18220.44 5.17816
18214.27 5.17997
18207.86 5.18146
18201.89 5.18274
18195.3 5.18461
18188.74 5.18628
18182.18 5.18787
18175.44 5.18932
18167.95 5.19147
18160.58 5.19308
18154.02 5.19372
18147.56 5.19603
18141.43 5.19793
18135.02 5.1997
18129.5 5.20183
18124.3 5.20364
18118.75 5.20568
18113.25 5.20732
18106.05 5.2094
18099.15 5.21141
18092.37 5.21397
18086.16 5.2162
18079.82 5.21804
18074.89 5.22013
18068.17 5.22194
18062.63 5.22378
18057.04 5.22569
18050.48 5.22785
18045.15 5.22984
18038.98 5.23168
18031.3 5.23387
18024.88 5.23605
18019.52 5.23819
18014.38 5.23983
18009.65 5.24137
18003.48 5.24343
17997.25 5.24404
17991.75 5.24636
17986.87 5.24856
17980.98 5.25125
17975.17 5.25359
17970.16 5.25577
17964.97 5.2576
17960.03 5.2598
17954.63 5.26201
17949.88 5.26447
17943.84 5.26665
17937.83 5.26883
17931.27 5.27137
17924.12 5.27439
17918.38 5.27738
17913.03 5.27971
17908.5 5.28185
17902.75 5.28341
17899.24 5.28566
17895.42 5.28697
17891.11 5.28946
17885.44 5.29063
17877.98 5.29401
17872.35 5.29668
17863.8 5.29971
17855.1 5.30294
17847.29 5.30567
17840.27 5.30871
17833.96 5.31126
17827.38 5.31318
17820.48 5.31551
17812.98 5.31826
17805.05 5.32108
17797.7 5.32404
17789.66 5.32647
17780.71 5.32981
17773.75 5.33248
17766.92 5.33488
17761.83 5.33736
17754.5 5.33979
17745.55 5.34231
17737.4 5.34566
17730.36 5.34862
17722.57 5.35118
17714.78 5.35358
17706.7 5.35604
17701.75 5.35847
17693.66 5.36069
17686.89 5.36315
17680.93 5.36514
17674.41 5.36749
17667.63 5.36973
17659.2 5.37219
17651.97 5.37491
17645.65 5.37744
17639.33 5.37982
17631.88 5.38177
17625.74 5.38431
17616.06 5.38696
17608.24 5.38962
17601 5.39249
17594.56 5.3928
17583.4 5.39731
17569.06 5.40285
17552.04 5.41042
17534.6 5.41817
17516.52 5.42618
17499.02 5.435
17481.22 5.44285
17464.56 5.45068
17461.24113 5.45407
17458.99 5.45535
17455.19159 5.45769
17453.28891 5.45849
17452.01 5.45931
17451.56511 5.46013
17450.85 5.46072
17449.14204 5.46132
17448.62165 5.46178
17447.23936 5.4624
17445.85707 5.46319
17444.47478 5.46376
17444.09 5.46426
17442.05 5.4654
17438.26261 5.46693
17437.05921 5.46738
17435.54 5.46778
17434.09 5.46832
17431.53005 5.46886
17426.32 5.46977
17417.36 5.47308
17412.44 5.47743
17405.94 5.48008
17402.56 5.48203
17396.62 5.48395
17387.95 5.48793
17379.75 5.49127
17372.7693 5.49507
17367.3 5.49719
17361.95598 5.50015
17359.22043 5.50109
17353 5.50331
17347.04649 5.50582
17340.65 5.50782
17327.54 5.51018
17308.9 5.51628
17288.88 5.52345
17295.06 5.52351
17297.18 5.52372
17287.46 5.52553
17291.88 5.52624
17285.11 5.52851
17278.48 5.52882
17270.53 5.53013
17279.92 5.53016
17266.93 5.53245
17275.76 5.53268
17254.39 5.53601
17254.87 5.53648
17262.38 5.53764
17245.33 5.54008
17238.89 5.54144
17246.7 5.54313
17234.1 5.54405
17237.14 5.54421
17234.35 5.54457
17231.77 5.54513
17226.5 5.54692
17226.47 5.54806
17224.23 5.54807
17216.49 5.55016
17208.01 5.55434
17196.65 5.55853
17187.39 5.56371
17177.14 5.5674
17168.08 5.57164
17159.5 5.57569
17150.22 5.57914
17142.7 5.58342
17132.65 5.5868
17124.58 5.59121
17110.88 5.59557
17093.92 5.6012
17074.98 5.61104
17056.73 5.62052
17036.7 5.62976
17017.84 5.63893
16995.35 5.64896
16977.14 5.66221
16959.93 5.67193
16944 5.68372
16925.96 5.69595
16919.92 5.70281
16903.57 5.71117
16885.86 5.72219
16864.94 5.73493
16840.63 5.75026
16819.13 5.76538
16801.41 5.77888
16787.32 5.78879
16777.51 5.79693
16763.35 5.80451
16751.05 5.81305
16738.54 5.8209
16729.94 5.82806
16721.18 5.83361
16708.03 5.84093
16700.31 5.84799
16690.56 5.85344
16681.69 5.86012
16671.27 5.86604
16660.67 5.87287
16651.25 5.87973
16643.81 5.88546
16635.4 5.89096
16626.93 5.89627
16620.93 5.90158
16614.38 5.90517
16608.78 5.90915
16608.45 5.90958
16611.41 5.91035
16604.39 5.91205
16602.29 5.91349
16598.27 5.91615
16597.66 5.91768
16592.41 5.91976
16591.54 5.92025
16583.95 5.92515
16581.54 5.92521
16576.19 5.93049
16575.83 5.93205
16568.57 5.93517
16564.98 5.93628
16560.73 5.94112
16554.58 5.944
16553.01 5.94565
16546.49 5.95039
16543.81 5.95116
16537.9 5.95509
16533.42 5.95686
16530.38 5.96113
16521.54 5.96498
16524.09 5.96572
16518.23 5.96937
16511.32 5.9723
16512.64 5.97338
16509.22 5.97623
16507.83 5.97746
16504.15 5.97892
16500.33 5.97954
16500.15 5.98207
16497.52 5.98395
16489.28 5.98685
16489.63 5.98808
16481.52 5.99315
16476.7 5.99474
16472.51 5.99939
16469.25 6.00186
16469.25 6.00266
16465.68 6.0045
16454.76 6.00769
16457.71 6.00855
16448.37 6.01538
16444.95 6.01649
16442.83 6.01979
16439.19 6.02342
16434.26 6.02342
16437.16 6.02352
16439.33 6.02406
16430.19 6.02842
16418.39 6.03248
16405.01 6.04239
16394.19 6.04952
16378.98 6.05828
16363.34 6.06918
16345.65 6.08017
16326.49 6.09222
16305.52 6.10521
16284.07 6.11942
16262.73 6.13271
16236.04 6.15066
16212.82 6.16662
16194.67 6.17992
16174.44 6.1907
16149.1 6.20828
16126.77 6.22408
16106.94 6.23768
16085.62 6.25149
16063.64 6.26617
16040.38 6.28069
16018 6.29613
15999.03 6.31066
15979.23 6.3228
15958.87 6.33671
15936.68 6.35106
15915.18 6.366
15894.99 6.3794
15875.76 6.39251
15857.23 6.40484
15834.75 6.4198
15813.19 6.43413
15794.22 6.44803
15773.79 6.46068
15753.69 6.47435
15733.35 6.48789
15713.77 6.50132
15695.98 6.51289
15674.84 6.52529
15653.83 6.53886
15634.28 6.55146
15614.71 6.56434
15595.91 6.57672
15576.49 6.58889
15557.78 6.60022
15537.8 6.61277
15518.1 6.62607
15499.51 6.63742
15481.51 6.64909
15461.89 6.66137
15443.97 6.67272
15424.65 6.68478
15404.19 6.69747
15384.67 6.70991
15366.74 6.72199
15348.22 6.73397
15330.74 6.74512
15313.3 6.75606
15295.28 6.76769
15276.74 6.77929
15259.58 6.79012
15241.85 6.8016
15225.06 6.81227
15208.02 6.82314
15190.88 6.83406
15171.34 6.84625
15154.44 6.85727
15137.25 6.86872
15120.58 6.87869
15101.97 6.88961
15084.38 6.90225
15067.63 6.91278
15050.12 6.92342
15034.53 6.93416
15017.53 6.94393
15000.28 6.95536
14985.66 6.9654
14969.06 6.97544
14953.29 6.98548
14936.97 6.99551
14921.04 7.00689
14905.31 7.01793
14889.24 7.02904
14873.32 7.04084
14857.89 7.05194
14842.35 7.06272
14824.58 7.07429
14808.77 7.08688
14792.72 7.09797
14777.13 7.10952
14761.44 7.12065
14745.97 7.13085
14729.94 7.14217
14712.53 7.15474
14693.55 7.16756
14673.7 7.18155
14652.07 7.19654
14631.23 7.21213
14610.9 7.2264
14593.3 7.24039
14580.92 7.2512
14571.65 7.25846
14564.79 7.2639
14558.59 7.26823
14551.99 7.27375
14542.79 7.27913
14533.57 7.28665
14524.06 7.29215
14514.23 7.29928
14504.46 7.30556
14490.63 7.31553
14477.49 7.32453
14463.86 7.33484
14451.58 7.34313
14438.51 7.35312
14423.71 7.36276
14411.73 7.37293
14399.4 7.38108
14386.57 7.38978
14372.39 7.3994
14359.56 7.41033
14348.01 7.41792
14333.54 7.42806
14319.91 7.438
14307.08 7.44756
14292.73 7.45728
14278.51 7.46773
14265.18 7.47807
14251.41 7.4875
14237.78 7.49702
14224.57 7.50816
14211.83 7.51945
14197.64 7.53055
14184.25 7.54234
14170.97 7.55301
14157.52 7.56498
14144.47 7.57617
14131.27 7.58748
14118.06 7.59857
14104.57 7.61011
14092 7.62111
14078.83 7.63164
14064.99 7.64317
14053.04 7.65381
14040.16 7.66468
14027.31 7.67588
14014.34 7.68684
14001.16 7.69778
13988.34 7.7085
13977.73 7.71918
13964.99 7.72732
13951.69 7.73982
13938.69 7.75065
13926.22 7.76211
13913.37 7.77247
13901.18 7.78313
13889.4 7.79343
13877.86 7.80326
13867.92 7.81253
13858.99 7.82078
13848.51 7.82874
13837.26 7.83776
13826.6 7.84679
13813.8 7.85773
13801.28 7.86792
13788.61 7.87896
13775.76 7.88994
13763.69 7.90041
13750.69 7.91109
13738.25 7.92193
13726.88 7.93196
13713.78 7.94219
13701.37 7.95411
13688.15 7.96413
13673.96 7.97607
13659.33 7.98872
13644.75 8.00114
13632.47 8.01399
13621.36 8.02574
13611.04 8.03542
13601.12 8.04549
13590.38 8.05543
13579.24 8.06706
13568.95 8.07631
13558.54 8.08644
13546.43 8.09756
13535.05 8.10881
13523.75 8.12
13512.49 8.13028
13501.87 8.14106
13491.18 8.15107
13480.35 8.16233
13469.45 8.17157
13457.65 8.1835
13446.9 8.19387
13435.61 8.20461
13424.28 8.21608
13413.37 8.2264
13402.54 8.23746
13391.9 8.24699
13380.67 8.25794
13370.47 8.26877
13360.19 8.27852
13350.35 8.28757
13339.26 8.29849
13328.91 8.30868
13317.95 8.31868
13307.25 8.32957
13297.36 8.33973
13286.95 8.34782
13276.66 8.35978
13267.54 8.36884
13256.75 8.3788
13248.27 8.3878
13236.85 8.39803
13226.4 8.40855
13216.72 8.41771
13206.31 8.42809
13195.5 8.43841
13185.49 8.44867
13175.49 8.45815
13165.05 8.46796
13154.49 8.47858
13144.71 8.48865
13135.03 8.49717
13124.54 8.50859
13114.88 8.51981
13105.06 8.53064
13094.78 8.54136
13084.57 8.55314
13075.23 8.56361
13065.26 8.57405
13055.18 8.58506
13045.55 8.59675
13036.14 8.60665
13026.72 8.61747
13017.03 8.62775
13006.99 8.63912
12997.12 8.65011
12987.95 8.6602
12977.84 8.67144
12968.34 8.68195
12959.62 8.69222
12948.82 8.70242
12938.75 8.71497
12929.34 8.72562
12919.91 8.73525
12910.14 8.74674
12900.8 8.75684
12891.22 8.7674
12881.41 8.77817
12871.58 8.78943
12861.98 8.80026
12852.65 8.81035
12842.95 8.82127
12834.52 8.83069
12825.32 8.84064
12815.47 8.85181
12806.74 8.86237
12798.11 8.87168
12789.1 8.88121
12780.08 8.89172
12770.9 8.90151
12761.47 8.91225
12752.52 8.92229
12743.71 8.93241
12734.64 8.9423
12725.37 8.95246
12716.53 8.96268
12707.57 8.97222
12698.05 8.9828
12689.3 8.99317
12680.39 9.0038
12671.8 9.01393
12662.7 9.02537
12654.3 9.03632
12645.2 9.04749
12636.33 9.05883
12627.71 9.06958
12619.05 9.08051
12610.43 9.09121
12601.97 9.10224
12593.3 9.11267
12584.28 9.12431
12575.43 9.13525
12566.9 9.14579
12558.45 9.15689
12550.18 9.16712
12541.21 9.17804
12532.73 9.18933
12523.91 9.19994
12515.1 9.21074
12506.67 9.22192
12497.81 9.23278
12489.32 9.24379
12480.75 9.25423
12472.07 9.26559
12463.39 9.2762
12454.56 9.28725
12446.3 9.29783
12437.62 9.3087
12429.39 9.31966
12421.49 9.32946
12413.27 9.34
12404.49 9.35041
12396.53 9.36145
12388.32 9.3712
12379.68 9.38198
12371.76 9.39198
12363.72 9.40247
12355.25 9.41295
12347.09 9.42362
12339.03 9.43383
12330.41 9.44393
12322.15 9.45505
12314.31 9.46534
12306.3 9.47475
12297.87 9.4857
12289.77 9.496
12281.74 9.50702
12273.59 9.518
12265.29 9.52915
12257.27 9.541
12248.95 9.55201
12241.16 9.56328
12233.25 9.57384
12225.18 9.58569
12217.12 9.59679
12209.39 9.60722
12201.64 9.61824
12193.85 9.62888
12185.89 9.6394
12178.08 9.65054
12170 9.66168
12162.36 9.67314
12154.26 9.68341
12146.33 9.69436
12138.14 9.70575
12130.36 9.71699
12122.56 9.72775
12114.5 9.73899
12106.51 9.74996
12098.53 9.76099
12090.57 9.77211
12082.89 9.78307
12075.52 9.79364
12067.74 9.80426
12059.83 9.81515
12052.2 9.82571
12044.54 9.83647
12036.97 9.8474
12029.58 9.85767
12021.62 9.86828
12013.58 9.87962
12005.96 9.89023
11998.07 9.90114
11990.59 9.91196
11983.2 9.92224
11975.4 9.9331
11967.28 9.94429
11959.53 9.95522
11952.08 9.96565
11943.93 9.9765
11936.22 9.98789
11929.05 9.99799
11921.41 10.0091
11913.62 10.02134
11906.32 10.03326
11898.84 10.04465
11891.25 10.05647
11883.68 10.06826
11875.97 10.08004
11868.42 10.09209
11861.29 10.10356
11853.71 10.11475
11846.53 10.12617
11839.03 10.1379
11831.45 10.14957
11824.01 10.16079
11816.47 10.17298
11809.22 10.18407
11801.79 10.19549
11794.24 10.20727
11786.47 10.21931
11779.01 10.23129
11771.69 10.24219
11764.06 10.25418
11756.33 10.26623
11749.3 10.27781
11741.76 10.28896
11734.22 10.30095
11727.11 10.3127
11719.53 10.32365
11712.32 10.33568
11705.34 10.34651
11698.14 10.35737
11690.62 10.36946
11683.49 10.38049
11676.37 10.39153
11668.93 10.40323
11661.55 10.4149
11654.31 10.42608
11646.72 10.43783
11639.48 10.4491
11632.33 10.46034
11625.01 10.4717
11617.63 10.48339
11610.36 10.49481
11603.05 10.50637
11595.85 10.51885
11588.8 10.53107
11581.53 10.5429
11574.15 10.5557
11566.92 10.56815
11559.56 10.58
11552.49 10.59284
11545.4 10.60425
11537.98 10.61684
11530.69 10.62983
11523.82 10.64154
11516.88 10.65351
11509.52 10.66546
11502.56 10.67773
11495.54 10.68914
11488.34 10.70185
11481.1 10.71387
11474.09 10.72567
11467.87 10.73737
11462.15 10.74715
11456.2 10.75702
11449.76 10.76708
11443.18 10.77844
11436.36 10.79006
11429.51 10.80185
11422.11 10.81393
11414.99 10.82599
11408.14 10.83806
11401.05 10.85027
11394.19 10.86217
11387.41 10.87335
11380.18 10.88549
11373.06 10.89773
11366.23 10.9096
11359.33 10.92103
11352.39 10.93312
11345.45 10.94453
11338.4 10.95673
11331.55 10.96895
11324.79 10.98011
11317.99 10.99198
11311.01 11.00434
11303.9 11.01732
11297.08 11.03151
11290.29 11.0438
11283.47 11.05676
11276.44 11.07018
11269.65 11.08357
11262.92 11.09712
11255.89 11.10983
11248.81 11.12362
11242.18 11.13667
11235.48 11.14898
11228.82 11.16212
11222 11.17507
11215.33 11.18797
11208.57 11.20152
11201.94 11.21408
11194.98 11.22732
11188.45 11.24037
11181.86 11.2528
11175.19 11.2656
11168.47 11.27846
11161.68 11.2914
11155.11 11.30459
11148.65 11.31711
11141.91 11.32998
11135.33 11.34279
11128.88 11.35555
11122.45 11.36747
11115.79 11.38073
11109.23 11.39328
11102.4 11.40604
11095.81 11.41915
11089.41 11.43132
11082.73 11.44432
11076.05 11.45714
11069.42 11.47037
11062.84 11.48273
11056.45 11.49564
11049.82 11.50861
11043.27 11.52202
11036.86 11.53502
11030.35 11.54825
11023.74 11.56202
11017.13 11.57574
11010.61 11.58899
11004.07 11.60259
10997.53 11.61572
10991.09 11.62925
10984.65 11.6423
10978.2 11.65559
10971.72 11.66903
10965.3 11.682
10958.97 11.69518
10952.46 11.70902
10945.86 11.72225
10939.43 11.73549
10933.23 11.74872
10926.74 11.76147
10920.08 11.77518
10913.6 11.78842
10907.25 11.80208
10900.87 11.81495
10894.57 11.82805
10888.15 11.84128
10881.7 11.85505
10875.45 11.86803
10728.5 11.8762
10868.99 11.88082
10862.49 11.894
10856.04 11.90797
10849.63 11.92085
10843.36 11.93388
10837.04 11.94715
10830.81 11.96014
10824.45 11.97311
10818.21 11.98573
10811.93 11.99865
10805.6 12.01317
10799.38 12.0275
10793.05 12.04151
10786.88 12.05596
10780.51 12.07031
10774.17 12.08453
10767.95 12.09905
10761.76 12.11283
10755.42 12.12785
10749.13 12.14176
10742.9 12.15638
10736.88 12.17011
10730.6 12.18422
10724.35 12.19827
10718.12 12.21224
10711.91 12.22648
10705.74 12.24113
10699.6 12.25486
10693.54 12.26857
10687.43 12.28265
10549.91 12.28903
10681.19 12.29634
10675.04 12.31078
10668.95 12.32496
10662.92 12.33859
10656.67 12.35242
10650.47 12.36717
10644.36 12.38112
10638.36 12.39465
10632.22 12.40856
10626.23 12.42227
10620.22 12.43639
10614.18 12.45053
10608.04 12.46418
10601.78 12.47822
10595.75 12.49238
10589.81 12.50671
10583.75 12.52146
10577.73 12.53648
10571.57 12.55183
10565.49 12.56701
10559.34 12.58218
10553.36 12.59724
10547.4 12.61219
10541.31 12.62691
10535.33 12.64204
10529.28 12.65726
10523.31 12.67235
10517.25 12.68732
10511.34 12.70186
10381.36 12.70973
10505.35 12.71689
10499.55 12.73158
10493.57 12.74641
10487.45 12.76102
10481.47 12.77651
10475.53 12.79145
10469.53 12.80585
10463.58 12.82144
10457.64 12.83583
10451.59 12.8511
10445.7 12.86617
10439.74 12.88082
10433.82 12.89598
10427.82 12.91058
10421.93 12.92516
10416.04 12.94
10410.13 12.9546
10404.08 12.97006
10397.59 12.98512
10391.03 13.00213
10384.26 13.01991
10377.5 13.03811
10370.8 13.05641
10364.22 13.07425
10357.96 13.09148
10351.78 13.10783
10345.69 13.12428
10339.76 13.14066
10215.63 13.1412
10333.79 13.15626
10327.9 13.17235
10321.93 13.18855
10316.04 13.20397
10310.2 13.22031
10304.35 13.23632
10298.51 13.2512
10292.65 13.26735
10286.81 13.28316
10281.05 13.29896
10275.29 13.3142
10269.46 13.32994
10263.54 13.34577
10257.7 13.36186
10251.84 13.37786
10246.06 13.39331
10240.15 13.4089
10234.35 13.42504
10228.55 13.4406
10222.68 13.45637
10216.87 13.47162
10211.05 13.48777
10205.27 13.50345
10199.47 13.52029
10193.65 13.53608
10187.85 13.55305
10182.07 13.5695
10176.28 13.58532
10059.48 13.59072
10170.52 13.60212
10164.71 13.61874
10158.95 13.63483
10153.05 13.65155
10147.19 13.6681
10141.43 13.68475
10135.6 13.70108
10129.84 13.7172
10123.97 13.7341
10118.06 13.75036
10112.29 13.76697
10106.46 13.7835
10100.65 13.80002
10094.83 13.81694
10089.03 13.83326
10083.19 13.84965
10077.4 13.86649
10071.62 13.88297
10065.75 13.89982
10059.92 13.91628
10054.11 13.93225
10048.31 13.94868
10042.48 13.96536
10036.65 13.98206
10030.81 13.99844
10025.01 14.0164
9908.482 14.01799
10019.17 14.03513
10013.36 14.05305
10007.49 14.07145
10001.66 14.08946
9995.511 14.10731
9989.667 14.12701
9983.824 14.14549
9977.91 14.16397
9972.116 14.1818
9966.285 14.20037
9960.446 14.21837
9954.602 14.23656
9948.759 14.25504
9942.96 14.27242
9937.127 14.29117
9931.278 14.3098
9925.473 14.32762
9919.623 14.34614
9913.757 14.3643
9907.953 14.38224
9902.16 14.40098
9896.31 14.41881
9890.41 14.43733
9884.568 14.45543
9878.724 14.47447
9774.359 14.47753
9872.838 14.49234
9867.005 14.51089
9861.141 14.52964
9855.213 14.5487
9849.38 14.56713
9843.466 14.58619
9837.607 14.605
9831.686 14.62425
9825.855 14.64293
9819.921 14.66161
9814.03 14.68087
9808.073 14.69974
9802.207 14.71918
9796.31 14.73797
9790.441 14.75694
9784.503 14.7762
9778.609 14.7949
9772.749 14.81369
9766.826 14.83272
9760.941 14.85167
9755.081 14.87032
9749.112 14.88949
9743.135 14.90912
9737.234 14.92846
9620.205 14.94032
9731.29 14.94757
9725.315 14.96646
9719.376 14.9861
9713.408 15.0056
9707.49 15.02787
9701.486 15.05098
9695.56 15.07293
9689.664 15.09585
9683.627 15.11799
9677.623 15.14066
9671.626 15.16359
9665.6 15.18608
9659.607 15.20862
9653.6 15.23068
9647.607 15.25395
9641.58 15.27277
9635.573 15.29904
9629.581 15.31801
9623.544 15.34477
9617.512 15.36678
9611.49 15.39104
9605.469 15.41403
9599.427 15.43633
9593.413 15.45911
9587.334 15.48181
9581.313 15.50476
9575.241 15.52702
9455.849 15.54354
9569.161 15.55012
9563.128 15.57298
9556.991 15.59583
9550.867 15.61844
9544.745 15.63948
9538.624 15.66392
9532.496 15.68638
9526.383 15.70262
9520.271 15.73354
9514.104 15.75713
9507.973 15.78072
9501.783 15.80382
9495.615 15.82701
9489.375 15.85035
9483.189 15.87402
9477.059 15.89692
9470.852 15.92112
9464.657 15.94421
9458.422 15.96739
9452.15 15.9907
9445.912 16.01501
9439.634 16.04079
9430.98 16.07553
9422.312 16.11041
9413.465 16.14571
9288.909 16.18603
9402.406 16.19038
9391.174 16.23541
9377.401 16.29113
9363.549 16.34688
9347.42 16.412
9331.017 16.47828
9314.674 16.54355
9295.606 16.61985
9276.471 16.69592
9257.207 16.77316
9124.369 16.85671
9231.378 16.87623
9205.339 16.98
9179.154 17.09463
9146.171 17.2416
9112.776 17.39097
8961.191 17.58223
9065.379 17.61357
9017.149 17.85326
8947.441 18.18692
8802.195 18.36524
8859.065 18.60993
8652.119 19.20825
8697.388 19.4601
8516.355 19.97545
8524.849 20.50746
8395.487 20.80799
8288.051 21.5405
8351.275 21.60048
8192.382 22.25332
8105.453 22.88642
8126.434 23.15607
8026.711 23.54097
7955.488 24.15189
7889.013 24.75258
7935.521 24.75505
7827.393 25.25568
7770.637 25.72186
7794.623 25.89228
7716.51 26.29056
7665.986 26.78335
7685.332 26.92727
7618.806 27.26058
7574.841 27.70952
7595.161 27.84508
7533.275 28.11599
7493.747 28.65112
7518.214 28.76592
7456.175 29.09745
7420.444 29.44998
7450.136 29.46518
7385.866 29.84751
7387.514 30.23573
7352.931 30.30363
7321.659 30.71388
7327.165 30.98229
7291.662 31.063
7262.884 31.37697
7265.637 31.65131
7235.263 31.70074
7208.429 32.03696
7182.599 32.45898
7198.128 32.58022
7157.737 32.791
7133.635 33.0922
7110.455 33.38648
7117.449 33.60849
7087.837 33.75637
7065.878 34.12248
7044.932 34.42054
7023.938 34.69989
7000.452 34.95919
7019.009 35.02116
6968.046 35.26265
6922.732 35.8446
6858.531 36.55043
6908.663 36.71537
6786.708 37.73997
6801.084 38.69215
6719.951 39.0457
6659.326 40.26296
6700.71 40.27861
6604.937 41.31664
6609.546 41.93442
6554.19 42.2766
6506.152 43.33748
6527.305 43.50046
6461.818 44.2792
6421.121 45.13968
6453.087 45.16935
6383.838 45.82635
6385.972 46.4964
6349.904 46.71218
6318.596 47.54821
6325.293 47.89025
6290.051 48.16327
6264.246 48.8076
6270.063 49.17623
6239.364 49.4796
6216.012 50.07296
6219.537 50.64439
6194.292 50.67713
6174.189 51.04335
6173.367 51.55826
6155.547 51.59415
6138.147 52.12515
6122.17 52.42987
6131.015 52.70716
6106.077 53.07966
6089.381 53.36759
6092.296 53.67046
6073.351 53.7662
6030.619 53.95769
6058.563 54.17361
6044.428 54.51817
6056.643 54.58295
6017.117 55.57394
6022.094 55.74556
6003.735 55.80721
5990.202 56.11607
5976.248 56.34275
5988.935 56.53349
5943.71 57.28234
5960.665 57.40032
5956.762 57.41259
5925.709 58.05801
5909.277 58.12367
5926.532 58.18481
5891.992 59.38128
5895.814 59.43912
5874.877 59.68478
5857.896 60.20159
5866.585 60.31226
5841.134 60.74126
5838.053 61.27171
5824.432 61.2983
5807.871 61.92497
5810.266 62.21599
5791.336 62.27011
5774.844 63.1716
5783.272 63.3488
5758.523 63.41549
5742.261 63.71893
5757.064 63.81211
5726.215 64.68747
5731.649 64.76691
5710.31 65.17505
5694.586 65.78779
5707.026 65.81458
5663.819 66.58012
5679.105 66.65997
5683.148 66.74242
5659.991 67.78433
5648.693 67.96191
5634.069 68.08719
5637.53 68.32093
5619.031 68.73468
5594.64 68.98895
5604.877 69.30839
5615.771 69.31684
5590.608 69.74233
5574.094 70.94491
5562.548 70.96352
5576.464 71.11173
5548.886 71.43075
5554.176 71.63459
5535.355 71.72035
5534.78 72.18894
5522.016 72.63321
5508.888 73.26154
5515.975 73.62555
5495.904 73.7413
5497.682 74.14111
5483.107 74.25656
5479.761 74.99171
5470.468 75.10069
5458 75.35128
5462.439 75.68245
5445.732 75.98455
5445.529 76.2999
5433.608 76.44195
5421.662 76.96809
5429.077 77.00586
5409.883 77.56246
5413.022 77.81952
5398.271 78.1523
5397.343 78.66908
5386.792 78.88719
5381.00766 79.18629
5375.429 79.37186
5367.90428 79.78654
5364.286 80.00195
5353.235 80.34604
5352.694 80.66636
5338.516 81.32057
5324.653 82.15876
5303.757 83.20492
5243.35313 85.84533
5200.87057 88.08127
5183.21548 89.19548
5162.914 90.23877
5152.768 90.70409
5142.53 91.21387
5131.90538 91.90787
5121.924 92.48974
5110.926 93.19454
5100.392 93.85617
5089.985 94.17902
5079.681 95.1553
5069.346 95.78302
5059.048 96.53141
5048.483 97.27501
5037.887 97.80544
5025.698 98.45647
5015.334 99.2492
5005.169 99.68883
4995.141 100.7404
4985.037 101.4531
4975.049 101.9289
4965.243 102.6373
4955.543 103.4599
4945.867 103.9294
4936.297 104.7567
4926.777 105.3866
4917.322 106.1429
4907.949 106.867
4898.244 107.5309
4889.05 108.2018
4879.91 108.8429
4869.823 109.6739
4860.638 110.4054
4851.786 111.1147
4842.764 111.775
4834.354 112.3915
4824.694 113.231
4816.155 113.9045
4808.022 114.6314
4799.324 115.2104
4791.27 116.0413
4783.111 116.5979
4774.813 117.2581
4766.187 118.0188
4757.885 118.7083
4749.25 119.3949
4740.323 120.221
4732.304 120.9219
4724.723 121.6128
4716.69 122.3789
4709.254 123.0472
4701.663 123.7482
4694.374 124.3371
4687.174 125.0363
4680.059 125.6428
4672.936 126.345
4665.951 126.844
4659.063 127.6861
4652.215 128.3047
4645.29 128.9147
4636.049 129.6762
4627.9 130.7021
4621.197 131.3067
4614.704 131.9509
4608.342 132.7462
4601.958 133.2094
4595.72 133.4865
4589.208 134.4733
4582.965 135.2049
4576.912 136.2467
4570.911 136.379
4565.011 136.8099
4559.152 137.6639
4552.983 138.2162
4546.945 138.8226
4539.853 139.5477
4533.464 140.3125
4527.905 140.9546
4522.425 141.4898
4516.738 142.2276
4511.313 142.7978
4505.96 143.525
4500.663 143.9534
4495.471 144.368
4490.316 145.0667
4485.223 145.7272
4480.134 146.3054
4475.139 146.897
4470.186 147.3799
4465.28 147.9603
4460.418 148.6001
4455.611 149.11
4450.823 149.6848
4446.098 150.2224
4441.413 150.819
4436.755 151.5299
4432.05 151.9677
4427.339 152.6333
4422.821 153.1263
4418.308 153.6003
4413.881 154.1257
4409.501 154.6558
4405.122 155.289
4400.827 155.8541
4396.585 156.289
4392.368 156.777
4388.184 157.2896
4383.751 157.8429
4379.647 158.4087
4375.603 158.9629
4371.559 159.4566
4367.562 160.0808
4363.314 160.548
4359.405 161.0506
4355.541 161.5922
4351.746 162.0721
4347.959 162.362
4344.213 162.8714
4340.474 163.6508
4336.793 164.1701
4333.135 164.5934
4329.531 165.0828
4325.94 165.6427
4322.392 166.0025
4318.885 166.5695
4315.409 167.011
4311.94 167.5163
4308.514 167.9047
4305.11 168.3821
4301.727 168.9278
4298.415 169.3224
4295.099 169.785
4291.813 170.2446
4288.562 170.6645
4285.328 171.1352
4282.157 171.622
4278.976 172.0805
4275.836 172.5161
4272.713 172.9511
4269.633 173.3914
4266.566 173.8373
4263.519 174.2761
4260.512 174.6924
4257.52 175.1388
4254.564 175.6019
4251.619 175.9101
4248.697 176.4639
4245.813 176.8248
4242.945 177.2145
4240.112 177.6582
4237.305 178.096
4234.485 178.5055
4231.713 178.9429
4228.97 179.349
4226.244 179.795
4223.534 180.1771
4220.86 180.5024
4218.202 180.9201
4215.559 181.3519
4212.953 181.7692
4210.358 182.1822
4205.233 182.3577
4207.777 182.5587
4202.704 183.3945
4200.201 183.8071
4197.711 184.1519
4195.241 184.524
4192.787 184.8916
4190.354 185.2099
4187.945 185.6058
4185.541 186.1072
4183.165 186.4086
4180.805 187.0419
4178.453 187.2944
4176.147 187.5841
4173.822 188.0178
4171.531 188.3662
4169.275 188.6581
4167.001 188.7464
4164.778 189.2795
4158.164 190.1982
4162.572 190.3017
4156 190.5559
4153.838 190.8069
4151.7 191.5213
4160.349 191.6681
4149.579 191.8885
4147.475 192.2616
4145.383 192.6899
4143.318 193.2115
4141.242 193.3163
4139.186 193.5547
4137.158 193.9291
4135.132 194.3105
4133.145 194.6481
4131.164 194.9406
4129.2 195.2383
4127.237 195.5368
4125.302 195.7414
4123.381 195.9191
4121.462 196.1765
4119.55 196.3363
4117.653 196.8514
4115.787 197.0953
4113.796 197.2708
4111.625 197.6064
4109.582 197.9449
4107.614 198.3148
4105.53 198.7576
4103.496 199.1199
4099.45 200.0764
4097.436 200.6628
4095.34 200.9308
4093.395 201.3157
4091.373 201.9845
4089.376 202.6284
4087.335 203.0468
4085.309 203.3748
4083.309 203.7474
4081.298 204.1006
4079.28 204.4066
4077.272 204.7753
4075.253 205.1607
4073.251 205.5214
4071.248 205.8681
4069.249 206.213
4067.232 206.597
4065.229 206.9601
4063.242 207.297
4061.227 207.6248
4059.255 207.9529
4057.263 208.3419
4055.269 208.7269
4053.271 209.0995
4051.3 209.4534
4049.338 209.8303
4047.383 210.1983
4045.403 210.5162
4043.449 210.9151
4041.516 211.249
4039.558 211.6208
4037.607 212.0126
4035.67 212.3265
4033.742 212.6594
4031.78 213.054
4029.858 213.4267
4027.946 213.7601
4026.047 214.0978
4024.141 214.4699
4022.235 214.8632
4020.34 215.22
4018.444 215.5655
4016.563 215.9014
4014.691 216.2473
4012.818 216.604
4010.939 216.9958
4009.09 217.3334
4007.248 217.7138
4005.421 218.1034
4003.589 218.4311
4001.766 218.7862
3999.928 219.114
3998.128 219.4704
3996.329 219.6624
3990.963 220.8184
3989.183 221.2792
3987.414 221.6594
3985.678 221.9659
3983.921 222.3234
3982.173 222.7007
3980.427 223.0569
3978.687 223.3803
3976.978 223.7684
3975.259 224.1242
3973.589 224.4385
3971.866 224.7821
3970.184 225.1157
3968.502 225.4535
3966.805 225.7919
3965.15 226.119
3963.49 226.4048
3961.834 226.7564
3960.199 227.1404
3958.56 227.477
3956.94 227.8238
3955.306 228.1679
3953.715 228.4512
3952.117 228.8125
3950.528 229.1704
3948.935 229.5171
3947.365 229.8214
3945.8 230.1464
3944.247 230.4709
3942.692 230.8358
3941.134 231.172
3939.599 231.4654
3938.074 231.7846
3936.55 232.1217
3935.045 232.4328
3933.546 232.741
3932.042 233.0351
3930.573 233.3665
3929.091 233.6507
3927.646 233.9381
3926.172 234.2987
3924.735 234.6264
3923.294 234.9406
3921.849 235.2184
3920.432 235.5103
3918.993 235.8057
3917.591 236.1042
3916.184 236.4174
3914.78 236.7569
3913.401 237.0798
3912.024 237.4045
3910.648 237.6983
3909.3 238.0082
3907.951 238.3097
3906.615 238.584
3905.272 238.8455
3903.937 239.1209
3902.618 239.4094
3901.3 239.7112
3899.994 240.0445
3898.703 240.281
3897.414 240.5455
3896.101 240.8645
3894.846 241.1737
3893.571 241.4543
3892.301 241.6968
3891.065 241.9394
3889.831 242.2343
3888.593 242.5184
3887.365 242.8095
3886.133 243.0669
3884.94 243.3114
3883.726 243.5945
3882.518 243.895
3881.342 244.1743
3880.159 244.3966
3878.971 244.6436
3877.811 244.944
3876.648 245.2126
3875.498 245.4652
3874.341 245.7263
3873.205 245.978
3872.077 246.261
3870.937 246.5251
3869.827 246.7969
3868.719 247.0507
3867.617 247.2615
3866.518 247.5158
3865.425 247.7842
3864.342 248.0504
3863.277 248.2917
3862.195 248.5376
3861.14 248.7828
3860.075 249.037
3859.028 249.2577
3857.989 249.4851
3856.947 249.7217
3855.916 249.9726
3854.882 250.1823
3853.868 250.3751
3852.859 250.6327
3851.846 250.9501
3850.844 251.1613
3849.838 251.3399
3848.856 251.5568
3847.886 251.7851
3846.913 252.0426
3845.94 252.2659
3844.973 252.5028
3844.027 252.7248
3843.057 252.97
3842.127 253.183
3841.199 253.3919
3840.276 253.5978
3839.337 253.8273
3838.409 254.0487
3837.504 254.2597
3836.596 254.468
3835.702 254.6638
3834.814 254.8594
3833.927 255.0818
3833.04 255.3034
3832.168 255.5189
3831.302 255.7077
3830.433 255.9102
3829.583 256.0992
3828.729 256.3147
3827.887 256.5143
3827.047 256.723
3826.213 256.9082
3825.384 257.0988
3824.558 257.3065
3823.748 257.5071
3822.943 257.747
3822.125 257.943
3821.331 258.1269
3820.522 258.3102
3819.744 258.4644
3818.973 258.646
3818.177 258.8013
3817.406 258.9637
3816.63 259.2142
3815.864 259.4466
3815.103 259.6353
3814.342 259.8254
3813.603 259.9904
3812.865 260.1488
3812.127 260.2959
3811.419 260.4765
3810.688 260.6615
3809.96 260.8476
3809.241 261.0355
3808.516 261.2114
3807.804 261.3727
3807.11 261.546
3806.426 261.7072
3805.724 261.8759
3805.051 262.0398
3804.351 262.2189
3803.681 262.3954
3803.011 262.5668
3802.338 262.7264
3801.694 262.8887
3801.017 263.0203
3800.366 263.2309
3799.71 263.4045
3799.098 263.5572
3798.449 263.6986
3797.824 263.8352
3797.231 263.972
3796.616 264.1437
3796.012 264.2894
3795.404 264.4442
3794.792 264.6083
3794.211 264.7167
3793.635 264.892
3793.065 265.0317
3792.472 265.1535
3791.898 265.2807
3791.335 265.4202
3790.787 265.586
3790.201 265.7146
3789.665 265.8857
3789.107 266.0556
3788.564 266.16
3787.989 266.2619
3787.448 266.402
3786.929 266.5117
3786.402 266.6636
3785.873 266.8066
3785.343 266.9662
3784.818 267.106
3784.311 267.2326
3783.787 267.3761
3783.285 267.5184
3782.773 267.6252
3782.267 267.7227
3781.769 267.8083
3781.263 267.8391
3780.787 267.9843
3780.296 268.1841
3779.789 268.3479
3779.304 268.5355
3778.834 268.6167
3778.353 268.7234
3777.87 268.8261
3777.404 268.955
3776.93 269.0322
3776.483 269.1564
3776.013 269.2679
3775.56 269.375
3775.1 269.4805
3774.672 269.575
3773.316 269.6512
3774.22 269.6887
3773.753 269.8131
3767.883 269.899
3767.483 269.9671
3772.892 270.0063
3767.085 270.0683
3766.688 270.178
3766.322 270.2669
3765.924 270.3534
3765.548 270.4538
3772.464 270.4694
3765.18 270.5629
3768.694 270.5634
3768.281 270.57
3764.787 270.6529
3764.419 270.7311
3772.006 270.7831
3764.061 270.8374
3763.688 270.9192
3763.316 271.0168
3762.962 271.1222
3771.602 271.1891
3762.609 271.1945
3762.249 271.2882
3761.888 271.3732
3761.553 271.4711
3771.176 271.5104
3761.213 271.5622
3760.861 271.6534
3760.523 271.7391
3760.183 271.8073
3770.747 271.8792
3759.855 271.9192
3759.511 271.9814
3759.184 272.0749
3758.862 272.1618
3770.324 272.2151
3758.54 272.2428
3758.203 272.3446
3757.889 272.3981
3757.564 272.4818
3769.92 272.5305
3757.25 272.5482
3756.934 272.632
3756.615 272.7065
3756.318 272.7944
3756.023 272.8784
3769.525 272.8919
3755.709 272.9558
3755.402 273.0441
3755.116 273.096
3754.818 273.1958
3769.109 273.2594
3754.528 273.2667
3754.26 273.3185
3753.962 273.4146
3753.686 273.4541
3753.385 273.5559
3753.113 273.6375
3752.833 273.6854
3752.567 273.7614
3752.293 273.823
3752.02 273.8942
3751.758 273.9698
3751.476 274.0278
3751.233 274.0923
3750.97 274.1733
3750.718 274.2364
3750.46 274.2943
3750.186 274.3741
3749.946 274.4309
3749.692 274.4836
3749.441 274.5548
3749.192 274.6164
3748.945 274.684
3748.708 274.7351
3748.463 274.8056
3748.224 274.8642
3747.987 274.9312
3747.761 275.0026
3747.518 275.024
3747.263 275.1052
3747.046 275.1444
3746.812 275.2337
3746.547 275.2913
3746.33 275.3545
3746.108 275.4205
3745.869 275.4583
3745.644 275.5456
3745.428 275.5945
3745.199 275.6632
3744.968 275.7162
3744.735 275.7739
3744.526 275.8286
3744.274 275.8774
3744.069 275.9366
3743.848 275.9819
3743.625 276.0304
3743.395 276.1146
3743.184 276.1752
3742.973 276.2179
3742.746 276.2766
3742.535 276.3185
3742.328 276.3657
3742.123 276.4387
3741.901 276.5043
3741.678 276.5618
3741.472 276.6006
3741.266 276.6621
3741.069 276.7031
3740.846 276.7712
3740.625 276.8243
3740.441 276.8979
3740.225 276.9383
3740.016 276.9914
3739.816 277.0292
3739.61 277.1035
3739.401 277.1463
3739.204 277.2096
3739.016 277.2512
3738.817 277.2901
3738.608 277.3453
3738.412 277.3987
3738.214 277.4515
3738.035 277.4986
3737.818 277.5453
3737.638 277.5895
3737.445 277.6566
3737.256 277.6982
3737.071 277.7571
3736.868 277.8298
3736.679 277.8769
3736.479 277.922
3736.281 277.9593
3736.094 278.0175
3735.915 278.0468
3735.705 278.112
3735.528 278.1341
3735.351 278.2022
3735.153 278.2358
3734.964 278.2947
3734.791 278.3461
3734.589 278.3983
3734.412 278.4449
3734.241 278.498
3734.062 278.5381
3733.871 278.5745
3733.689 278.6326
3733.523 278.6832
3733.337 278.7364
3733.172 278.7801
3732.988 278.8034
3732.806 278.8739
3732.642 278.9187
3732.461 278.96
3732.292 279.0082
3732.11 279.0515
3731.941 279.0983
3731.766 279.144
3731.597 279.1807
3731.43 279.213
3731.269 279.2599
3731.09 279.2915
3730.917 279.3551
3730.759 279.3975
3730.576 279.4413
3730.404 279.4778
3730.249 279.5196
3730.096 279.564
3729.927 279.6051
3729.749 279.6586
3729.584 279.6944
3729.419 279.7307
3729.25 279.7728
3729.107 279.8351
3728.931 279.8707
3728.78 279.9152
3728.608 279.9595
3728.441 279.9856
3728.271 280.0468
3728.121 280.1117
3727.955 280.1452
3727.789 280.1711
3727.635 280.1981
3727.48 280.2472
3727.325 280.2961
3727.141 280.3531
3726.992 280.381
3726.832 280.4261
3726.678 280.4657
3726.512 280.5129
3726.358 280.5412
3726.208 280.5918
3726.062 280.623
3725.887 280.6697
3725.729 280.7137
3725.571 280.7599
3725.431 280.7834
3725.277 280.8342
3725.117 280.8714
3724.974 280.9078
3724.826 280.9442
3724.684 280.9915
3724.521 281.0345
3724.376 281.0644
3724.229 281.0942
3724.077 281.1433
3723.911 281.1789
3723.785 281.2118
3723.634 281.268
3723.491 281.2839
3723.34 281.339
3723.195 281.3671
3723.049 281.4052
3722.921 281.4454
3722.776 281.4846
3722.626 281.5222
3722.49 281.5643
3722.347 281.5876
3722.214 281.6056
3722.062 281.677
3721.907 281.7237
3721.772 281.7758
3721.632 281.7935
3721.492 281.8203
3721.355 281.8818
3721.217 281.8969
3721.078 281.946
3720.932 281.9842
3720.801 282.0001
3720.669 282.0491
3720.527 282.0729
3720.406 282.1131
3720.258 282.1345
3720.127 282.1693
3719.99 282.2025
3719.851 282.2494
3719.713 282.2905
3719.587 282.3384
3719.464 282.3593
3719.329 282.394
3719.191 282.4411
3719.065 282.4709
3718.923 282.4965
3718.808 282.5258
3718.684 282.5641
3718.556 282.5869
3718.446 282.63
3718.324 282.6671
3718.174 282.6903
3718.041 282.731
3717.939 282.7673
3717.821 282.8002
3717.698 282.828
3717.564 282.8482
3717.441 282.8885
3717.328 282.9295
3717.212 282.9408
3717.08 282.9693
3716.952 283.0144
3716.839 283.0488
3716.718 283.0874
3716.6 283.1189
3716.471 283.1308
3716.352 283.1612
3716.232 283.2174
3716.114 283.2426
3715.996 283.272
3715.847 283.3092
3715.745 283.3387
3715.618 283.3521
3715.513 283.3943
3715.372 283.4339
3715.25 283.4682
3715.121 283.4877
3715.027 283.5182
3714.916 283.5508
3714.781 283.5706
3714.661 283.5881
3714.549 283.6461
3714.43 283.6723
3714.311 283.6918
3714.195 283.7309
3714.092 283.7675
3713.969 283.8139
3713.863 283.8174
3713.747 283.8454
3713.641 283.892
3713.511 283.9183
3713.401 283.926
3713.281 283.9732
3713.173 284.0166
3713.068 284.0313
3712.963 284.075
3712.851 284.0939
3712.738 284.1108
3712.621 284.1373
3712.511 284.183
3712.4 284.2116
3712.275 284.2477
3712.176 284.2528
3712.058 284.2869
3711.966 284.3198
3711.839 284.3623
3711.74 284.3861
3711.632 284.424
3711.519 284.4384
3711.424 284.4761
3711.203 284.5007
3711.305 284.5115
3711.089 284.5527
3710.988 284.584
3710.784 284.6214
3710.896 284.6313
3710.662 284.6617
3710.563 284.6882
3710.454 284.7229
3710.364 284.7448
3710.25 284.7963
3710.154 284.8048
3710.05 284.8286
3709.95 284.8912
3709.84 284.9072
3709.747 284.9314
3709.632 284.9526
3709.54 284.9743
3709.45 284.9857
3709.344 285.0004
3709.235 285.0614
3709.131 285.0902
3709.035 285.1103
3708.922 285.137
3708.818 285.1602
3708.711 285.2036
3708.618 285.2053
3708.532 285.2541
3708.439 285.2816
3708.34 285.3029
3708.237 285.3104
3708.126 285.3591
3708.03 285.3685
3707.95 285.399
3707.865 285.4328
3707.674 285.4689
3707.776 285.4789
3707.578 285.5136
3707.491 285.5194
3707.385 285.5202
3707.29 285.5638
3707.195 285.609
3707.104 285.6187
3707.026 285.6598
3706.923 285.6827
3706.845 285.6877
3706.749 285.7438
3706.64 285.7458
3706.562 285.7791
3706.477 285.7905
3706.386 285.8356
3706.279 285.8481
3706.198 285.8521
3706.1 285.8704
3706.011 285.9409
3705.929 285.9487
3705.833 285.9798
3705.752 285.9956
3705.661 286.0302
3705.577 286.052
3705.472 286.0555
3705.392 286.07
3705.3 286.1102
3705.231 286.1248
3705.142 286.1451
3705.04 286.1662
3704.886 286.2172
3704.956 286.2248
3704.817 286.2361
3704.726 286.2784
3704.627 286.2962
3704.551 286.3152
3704.463 286.3268
3704.363 286.3787
3704.25 286.3809
3704.085 286.4085
3704.192 286.436
3704.023 286.4394
3703.952 286.4571
3703.86 286.4975
3703.8 286.5049
3703.711 286.5439
3703.634 286.563
3703.548 286.5653
3703.465 286.6181
3703.396 286.6242
3703.298 286.6614
3703.232 286.6697
3703.137 286.675
3703.061 286.7067
3702.973 286.7188
3702.889 286.7611
3702.812 286.7724
3702.727 286.8115
3702.658 286.8284
3702.58 286.8581
3702.475 286.864
3702.429 286.905
3702.26 286.9069
3702.332 286.9182
3702.18 286.9522
3702.1 286.9746
3702.018 286.9836
3701.868 287.0227
3701.936 287.0383
3701.797 287.076
3701.649 287.0922
3701.726 287.0937
3701.571 287.1214
3701.406 287.1633
3701.483 287.1664
3701.323 287.1839
3701.251 287.1981
3701.185 287.2242
3701.094 287.2408
3701.018 287.2465
3700.876 287.2794
3700.948 287.2823
3700.81 287.3049
3700.64 287.3752
3700.557 287.3803
3700.502 287.3998
3700.417 287.4233
3700.344 287.4387
3700.731 287.4669
3700.277 287.4697
3700.211 287.4734
3700.137 287.4863
3699.971 287.5323
3700.064 287.5414
3699.898 287.5562
3699.841 287.5854
3699.759 287.5899
3699.698 287.612
3699.617 287.6238
3699.556 287.6439
3699.425 287.681
3699.491 287.6904
3699.348 287.7049
3699.281 287.731
3699.209 287.7354
3699.112 287.7687
3699.054 287.7864
3698.983 287.8029
3698.919 287.8297
3698.847 287.8469
3698.77 287.8794
3698.706 287.8877
3698.625 287.9112
3698.573 287.9205
3698.51 287.943
3698.426 287.9529
3698.363 287.9709
3698.29 287.9914
3698.232 288.0144
3698.145 288.0294
3698.026 288.0545
3698.094 288.0587
3697.891 288.081
3697.964 288.0908
3697.771 288.1123
3697.827 288.1206
3697.642 288.1435
3697.688 288.1737
3697.579 288.1951
3697.525 288.2155
3697.463 288.2204
3697.384 288.2392
3697.318 288.2416
3697.248 288.269
3697.179 288.2987
3697.045 288.308
3697.122 288.3238
3696.985 288.3246
3696.929 288.3738
3696.868 288.3776
3696.801 288.392
3696.737 288.4096
3696.685 288.4254
3696.606 288.4475
3696.548 288.4688
3696.484 288.4777
3696.37 288.5039
3696.407 288.5277
3696.312 288.5411
3696.246 288.5502
3696.185 288.5647
3696.13 288.5758
3696.056 288.5817
3695.995 288.6057
3695.95 288.6216
3695.872 288.6309
3695.785 288.6637
3695.844 288.6682
3695.714 288.7085
3695.585 288.7129
3695.641 288.7175
3695.538 288.7485
3695.426 288.7622
3695.456 288.7666
3695.364 288.7965
3695.298 288.816
3695.236 288.8304
3695.184 288.8444
3695.126 288.8499
3695.059 288.8537
3694.966 288.882
3695.006 288.8916
3694.848 288.9239
3694.901 288.927
3694.785 288.944
3694.716 288.963
3694.65 288.9752
3694.6 288.9882
3694.547 289.0169
3694.449 289.0276
3694.508 289.0406
3694.402 289.0615
3694.337 289.0764
3694.212 289.083
3694.157 289.1068
3694.266 289.1091
3694.107 289.1106
3694.058 289.1389
3694 289.1472
3693.96 289.1512
3693.894 289.1765
3693.848 289.2076
3693.783 289.2123
3693.736 289.2256
3693.619 289.2444
3693.688 289.2606
3693.521 289.274
3693.57 289.2816
3693.453 289.2905
3693.414 289.3148
3693.349 289.3347
3693.236 289.358
3693.291 289.365
3693.139 289.3781
3693.193 289.3868
3693.097 289.4036
3692.894 289.4374
3693.046 289.4389
3693.002 289.4395
3692.951 289.4514
3692.847 289.4821
3692.792 289.4833
3692.752 289.4992
3692.655 289.5236
3692.696 289.5281
3692.592 289.5327
3692.544 289.554
3692.497 289.5619
3692.465 289.577
3692.398 289.589
3692.342 289.5895
3692.315 289.6273
3692.204 289.6386
3692.267 289.6446
3692.169 289.6599
3692.063 289.6687
3692.031 289.6759
3692.124 289.6861
3691.984 289.7063
3691.895 289.7279
3691.926 289.7367
3691.826 289.7414
3691.699 289.7625
3691.797 289.7705
3691.759 289.7749
3691.663 289.8004
3691.603 289.8123
3691.492 289.8153
3691.566 289.8161
3691.416 289.8334
3691.377 289.8562
3691.456 289.8582
3691.318 289.8836
3691.294 289.8953
3691.243 289.9034
3691.156 289.9168
3691.195 289.9195
3691.063 289.9471
3691.106 289.9531
3691.012 289.954
3690.962 289.963
3690.906 289.9838
3690.866 289.9927
3690.798 290.0137
3690.829 290.0181
3690.734 290.0251
3690.69 290.0541
3690.544 290.0743
3690.639 290.0762
3690.596 290.0852
3690.517 290.0936
3690.472 290.1112
3690.436 290.1118
3690.379 290.1347
3690.286 290.1565
3690.35 290.1567
3690.25 290.1617
3690.227 290.1673
3690.161 290.1799
3689.623 290.3422
3689.584 290.3446
3689.537 290.3453
3689.493 290.3733
3689.426 290.3905
3689.464 290.403
3689.309 290.424
3689.353 290.4273
3689.373 290.4285
3689.261 290.4388
3689.227 290.4486
3689.175 290.4603
3689.136 290.4764
3689.108 290.4803
3689.061 290.4909
3688.983 290.5118
3689.023 290.5173
3688.953 290.5267
3688.852 290.5291
3688.656 290.5699
3688.389 290.5901
3688.132 290.6568
3687.849 290.7068
3687.518 290.8015
3687.087 290.8634
3686.558 290.979
3686.137 291.0741
3685.76 291.2225
3685.415 291.3026
3685.082 291.387
3684.751 291.4946
3684.45 291.5719
3684.102 291.6607
3683.806 291.778
3683.499 291.8566
3683.187 291.9276
3682.93 292.0364
3682.598 292.1159
3682.313 292.1854
3682.053 292.2613
3681.774 292.3453
3681.518 292.3985
3681.055 292.5006
3680.212 292.6382
3679.215 292.8887
3678.093 293.166
3676.789 293.4379
3675.38 293.8026
3673.895 294.1361
3672.292 294.4434
3670.622 294.7699
3668.874 295.1256
3667.038 295.4664
3665.162 295.8431
3663.23 296.227
3661.253 296.6287
3659.204 297.0357
3657.155 297.451
3655.058 297.8839
3652.921 298.3194
3650.782 298.8496
3648.631 299.1873
3646.559 299.6519
3644.712 300.052
3642.968 300.4283
3641.329 300.7848
3639.756 301.1281
3638.26 301.4427
3636.823 301.7676
3635.455 302.0454
3634.142 302.3443
3632.869 302.6167
3631.678 302.8776
3630.546 303.1161
3629.429 303.3748
3628.323 303.5991
3627.314 303.8309
3626.345 304.0624
3625.414 304.2592
3624.515 304.4518
3623.656 304.6371
3622.839 304.8343
3621.799 305.0337
3620.863 305.2559
3619.994 305.4297
3619.322 305.6242
3618.705 305.753
3618.121 305.8971
3617.569 306.0176
3617.045 306.1272
3616.51 306.2483
3616.021 306.3848
3615.553 306.4687
3615.135 306.5722
3614.733 306.6625
3614.342 306.7517
3613.954 306.8395
3613.603 306.9183
3613.299 306.9876
3613.987 307.0399
3613.812 307.0573
3613.012 307.0618
3613.636 307.1064
3613.477 307.1302
3612.744 307.1435
3612.49 307.1824
3613.138 307.1906
3613.306 307.1915
3612.266 307.2251
3612.991 307.23
3612.841 307.2485
3612.693 307.2825
3612.031 307.2839
3612.549 307.3134
3611.864 307.3155
3612.39 307.3434
3612.243 307.3796
3611.687 307.3899
3612.123 307.3984
3611.515 307.4102
3611.969 307.4341
3611.838 307.4507
3611.348 307.4523
3611.233 307.486
3611.484 307.507
3611.596 307.5143
3611.088 307.5239
3611.369 307.5304
3610.976 307.5503
3611.269 307.5657
3610.862 307.5805
3610.792 307.5895
3611.177 307.591
3611.074 307.606
3611.013 307.6126
3610.729 307.6246
3610.604 307.6278
3610.916 307.6291
3610.66 307.6366
3610.844 307.6472
3610.565 307.6488
3610.778 307.6517
3610.534 307.6572
3610.694 307.6626
3610.57 307.6721
3610.616 307.6738
3610.647 307.6772
3610.516 307.6872
3610.503 307.6891
3610.543 307.6971
3610.512 307.7026


